{"producer":{"name":"Blender","version":"2.80 (sub 75)","exporter_version":"2.80.1","file":"girl.babylon"},
"autoClear":true,"clearColor":[0.0509,0.0509,0.0509],"gravity":[0,-9.81,0],
"materials":[{"name":"MariaMat","id":"MariaMat","customType":"BABYLON.PBRMaterial","backFaceCulling":true,"checkReadyOnlyOnce":false,"maxSimultaneousLights":4,"environmentIntensity":1,"roughness":0.5528,"alpha":1,"transparencyMode":0,"alphaCutOff":0.4,"metallic":0, 
"albedoTexture":{"name":"maria_diffuse.png","level":1,"hasAlpha":true,"coordinatesMode":0,"uOffset":0,"vOffset":0,"uScale":1,"vScale":1,"uAng":0,"vAng":0,"wAng":0,"wrapU":1,"wrapV":1,"coordinatesIndex":0},"useAlphaFromAlbedoTexture":true, 
"reflectivityTexture":{"name":"maria_specular.png","level":1,"hasAlpha":true,"coordinatesMode":0,"uOffset":0,"vOffset":0,"uScale":1,"vScale":1,"uAng":0,"vAng":0,"wAng":0,"wrapU":1,"wrapV":1,"coordinatesIndex":0}, 
"bumpTexture":{"name":"maria_normal.png","level":1,"hasAlpha":true,"coordinatesMode":0,"uOffset":0,"vOffset":0,"uScale":1,"vScale":1,"uAng":0,"vAng":0,"wAng":0,"wrapU":1,"wrapV":1,"coordinatesIndex":0}},
{"name":"MariaMat.001","id":"MariaMat.001","customType":"BABYLON.PBRMaterial","backFaceCulling":true,"checkReadyOnlyOnce":false,"maxSimultaneousLights":4,"environmentIntensity":1,"roughness":0.5528,"alpha":1,"transparencyMode":0,"alphaCutOff":0.4,"metallic":0, 
"albedoTexture":{"name":"maria_diffuse.png","level":1,"hasAlpha":true,"coordinatesMode":0,"uOffset":0,"vOffset":0,"uScale":1,"vScale":1,"uAng":0,"vAng":0,"wAng":0,"wrapU":1,"wrapV":1,"coordinatesIndex":0},"useAlphaFromAlbedoTexture":true, 
"reflectivityTexture":{"name":"maria_specular.png","level":1,"hasAlpha":true,"coordinatesMode":0,"uOffset":0,"vOffset":0,"uScale":1,"vScale":1,"uAng":0,"vAng":0,"wAng":0,"wrapU":1,"wrapV":1,"coordinatesIndex":0}, 
"bumpTexture":{"name":"maria_normal.png","level":1,"hasAlpha":true,"coordinatesMode":0,"uOffset":0,"vOffset":0,"uScale":1,"vScale":1,"uAng":0,"vAng":0,"wAng":0,"wrapU":1,"wrapV":1,"coordinatesIndex":0}}],
"multiMaterials":[],
"skeletons":[{"name":"Character","id":0,"dimensionsAtRest":[169.7548,41.1969,194.4421],"bones":[
{"name":"Hips","index":0,"matrix":[0.9628,0.2695,-0.0219,0,-0.0019,0.0875,0.9962,0,-0.2704,0.959,-0.0847,0,-6.408,7.5151,99.4123,1],"rest":[1,0,0,0,0,0,1,0,0,1,0,0,-0.0015,1.8013,105.2462,1],"parentBoneIndex":-1,"length":9.3237
,"animation":{"dataType":3,"framePerSecond":30,"keys":[
{"frame":1,"values":[0.8975,0.4411,-0.0039,0,-0.0219,0.0532,0.9983,0,-0.4405,0.8959,-0.0574,0,-0.0015,1.8013,94.0471,1]},
{"frame":2,"values":[0.9069,0.4212,-0.0083,0,-0.0141,0.0501,0.9986,0,-0.421,0.9056,-0.0514,0,0.2734,2.4781,93.3745,1]},
{"frame":3,"values":[0.9118,0.4105,-0.0128,0,-0.0073,0.0474,0.9989,0,-0.4106,0.9106,-0.0462,0,0.5368,3.177,92.6593,1]},
{"frame":4,"values":[0.9155,0.4019,-0.0169,0,-0.0008,0.0439,0.999,0,-0.4023,0.9146,-0.0405,0,0.8199,3.9069,91.9832,1]},
{"frame":5,"values":[0.92,0.3914,-0.0197,0,0.0048,0.0392,0.9992,0,-0.3918,0.9194,-0.0342,0,1.1421,4.5829,91.4665,1]},
{"frame":6,"values":[0.9266,0.3754,-0.0201,0,0.0084,0.0327,0.9994,0,-0.3759,0.9263,-0.0272,0,1.4888,5.0449,91.2156,1]},
{"frame":7,"values":[0.9346,0.3552,-0.017,0,0.0091,0.0238,0.9997,0,-0.3555,0.9345,-0.019,0,1.8378,5.1027,91.2653,1]},
{"frame":8,"values":[0.9418,0.3361,-0.0098,0,0.0058,0.0128,0.9999,0,-0.3362,0.9417,-0.0101,0,2.2178,4.634,91.5968,1]},
{"frame":9,"values":[0.9464,0.3229,0.0017,0,-0.0027,0.0027,1,0,-0.3229,0.9464,-0.0034,0,2.7255,3.676,92.1603,1]},
{"frame":10,"values":[0.9495,0.3133,0.016,0,-0.016,-0.0027,0.9999,0,-0.3133,0.9497,-0.0025,0,3.4518,2.4393,92.8408,1]},
{"frame":11,"values":[0.9534,0.3002,0.0293,0,-0.0306,-0.0005,0.9995,0,-0.3001,0.9539,-0.0087,0,4.3737,1.2342,93.4461,1]},
{"frame":12,"values":[0.9588,0.2815,0.0375,0,-0.0416,0.0086,0.9991,0,-0.2809,0.9595,-0.0199,0,5.3347,0.3476,93.8326,1]},
{"frame":13,"values":[0.9631,0.2662,0.0387,0,-0.0459,0.0211,0.9987,0,-0.2651,0.9637,-0.0325,0,6.1594,-0.0682,94.0392,1]},
{"frame":14,"values":[0.963,0.2674,0.0342,0,-0.0448,0.034,0.9984,0,-0.2658,0.963,-0.0447,0,6.7891,-0.0156,94.2148,1]},
{"frame":15,"values":[0.9571,0.2886,0.0272,0,-0.0421,0.0456,0.9981,0,-0.2868,0.9564,-0.0557,0,7.2933,0.4303,94.4205,1]},
{"frame":16,"values":[0.9467,0.3213,0.0214,0,-0.0413,0.0552,0.9976,0,-0.3194,0.9454,-0.0655,0,7.7596,1.1855,94.5636,1]},
{"frame":17,"values":[0.9349,0.3544,0.0184,0,-0.0435,0.0629,0.9971,0,-0.3522,0.933,-0.0742,0,8.2026,2.1521,94.5069,1]},
{"frame":18,"values":[0.9238,0.3825,0.0171,0,-0.047,0.0689,0.9965,0,-0.3799,0.9214,-0.0816,0,8.5765,3.2206,94.1974,1]},
{"frame":19,"values":[0.9138,0.4058,0.0153,0,-0.0489,0.0726,0.9962,0,-0.4031,0.9111,-0.0862,0,8.8358,4.3075,93.6912,1]},
{"frame":20,"values":[0.9043,0.4268,0.0125,0,-0.0484,0.0734,0.9961,0,-0.4242,0.9014,-0.087,0,8.9716,5.3661,93.0987,1]},
{"frame":21,"values":[0.8942,0.4476,0.0098,0,-0.0467,0.0715,0.9963,0,-0.4453,0.8914,-0.0849,0,9.0055,6.3583,92.5245,1]},
{"frame":22,"values":[0.8821,0.4709,0.0084,0,-0.0456,0.0677,0.9967,0,-0.4688,0.8796,-0.0812,0,8.9614,7.2237,92.0464,1]},
{"frame":23,"values":[0.8664,0.4993,0.0082,0,-0.0454,0.0624,0.997,0,-0.4973,0.8642,-0.0767,0,8.8341,7.8731,91.7249,1]},
{"frame":24,"values":[0.8464,0.5325,0.0079,0,-0.0453,0.0572,0.9973,0,-0.5306,0.8445,-0.0726,0,8.578,8.1985,91.6087,1]},
{"frame":25,"values":[0.8241,0.5664,0.0065,0,-0.0452,0.0542,0.9975,0,-0.5646,0.8223,-0.0703,0,8.1321,8.0826,91.7078,1]},
{"frame":26,"values":[0.8036,0.5951,0.0039,0,-0.0455,0.055,0.9975,0,-0.5934,0.8018,-0.0712,0,7.468,7.408,91.9708,1]},
{"frame":27,"values":[0.7894,0.6138,-0.0005,0,-0.046,0.0599,0.9971,0,-0.6121,0.7872,-0.0755,0,6.6215,6.0888,92.3434,1]},
{"frame":28,"values":[0.7843,0.6203,-0.0065,0,-0.0456,0.068,0.9966,0,-0.6187,0.7814,-0.0816,0,5.6662,4.1498,92.8666,1]},
{"frame":29,"values":[0.7894,0.6137,-0.0135,0,-0.0431,0.0774,0.9961,0,-0.6123,0.7857,-0.0875,0,4.6507,1.7944,93.6348,1]},
{"frame":30,"values":[0.8042,0.594,-0.0191,0,-0.0394,0.0854,0.9956,0,-0.593,0.7999,-0.092,0,3.5815,-0.6098,94.6171,1]},
{"frame":31,"values":[0.8254,0.5641,-0.0208,0,-0.0363,0.0899,0.9953,0,-0.5633,0.8208,-0.0947,0,2.4804,-2.6431,95.5879,1]},
{"frame":32,"values":[0.8466,0.5319,-0.0189,0,-0.0347,0.0905,0.9953,0,-0.5311,0.842,-0.095,0,1.436,-3.9944,96.2879,1]},
{"frame":33,"values":[0.8614,0.5076,-0.0159,0,-0.0333,0.0877,0.9956,0,-0.5068,0.8571,-0.0925,0,0.5696,-4.5678,96.6074,1]},
{"frame":34,"values":[0.868,0.4964,-0.0131,0,-0.0324,0.0829,0.996,0,-0.4955,0.8641,-0.0881,0,-0.0438,-4.4669,96.6133,1]},
{"frame":35,"values":[0.8698,0.4934,-0.0087,0,-0.0339,0.0773,0.9964,0,-0.4923,0.8664,-0.0839,0,-0.4081,-3.889,96.4618,1]},
{"frame":36,"values":[0.8723,0.4889,-0.0023,0,-0.0378,0.0721,0.9967,0,-0.4874,0.8694,-0.0814,0,-0.5697,-3.0086,96.2477,1]},
{"frame":37,"values":[0.8786,0.4775,0.0033,0,-0.0406,0.068,0.9969,0,-0.4757,0.876,-0.0791,0,-0.5727,-1.9343,95.9437,1]},
{"frame":38,"values":[0.887,0.4617,0.0045,0,-0.0384,0.0642,0.9972,0,-0.4601,0.8847,-0.0747,0,-0.4538,-0.7328,95.4877,1]},
{"frame":39,"values":[0.8944,0.4473,0.0011,0,-0.0309,0.0594,0.9978,0,-0.4463,0.8924,-0.0669,0,-0.2565,0.5466,94.8774,1]},
{"frame":40,"values":[0.8975,0.4411,-0.0039,0,-0.0219,0.0532,0.9983,0,-0.4405,0.8959,-0.0574,0,-0.0015,1.8013,94.0471,1]},
{"frame":51,"values":[0.9628,0.2695,-0.0219,0,-0.0019,0.0875,0.9962,0,-0.2704,0.959,-0.0847,0,-6.408,7.5151,99.4123,1]},
{"frame":52,"values":[0.9585,0.284,-0.0233,0,0.0087,0.0525,0.9986,0,-0.2848,0.9574,-0.0479,0,-6.6928,7.8981,98.8301,1]},
{"frame":53,"values":[0.9538,0.2998,-0.0198,0,0.0154,0.0169,0.9997,0,-0.3001,0.9538,-0.0115,0,-6.9433,7.8535,98.5815,1]},
{"frame":54,"values":[0.9468,0.3216,-0.0115,0,0.01,0.0064,0.9999,0,-0.3217,0.9469,-0.0028,0,-7.1888,7.0738,98.9883,1]},
{"frame":55,"values":[0.94,0.3412,-0.0022,0,-0.0074,0.0268,0.9996,0,-0.3412,0.9396,-0.0277,0,-7.3351,5.6862,100.0201,1]},
{"frame":56,"values":[0.939,0.3438,0.0097,0,-0.0342,0.0651,0.9973,0,-0.3423,0.9368,-0.0729,0,-7.0916,4.3487,101.2293,1]},
{"frame":57,"values":[0.9345,0.3559,0.0081,0,-0.0532,0.1173,0.9917,0,-0.3519,0.9272,-0.1285,0,-6.6715,3.8956,102.2683,1]},
{"frame":58,"values":[0.9184,0.3955,-0.0084,0,-0.0649,0.1716,0.983,0,-0.3902,0.9023,-0.1833,0,-6.2224,4.4573,102.6813,1]},
{"frame":59,"values":[0.8908,0.4526,-0.0395,0,-0.061,0.2052,0.9768,0,-0.4502,0.8678,-0.2104,0,-5.7571,5.5512,102.4672,1]},
{"frame":60,"values":[0.8581,0.508,-0.0751,0,-0.0434,0.2174,0.9751,0,-0.5117,0.8335,-0.2085,0,-5.4423,6.7865,101.945,1]},
{"frame":61,"values":[0.8253,0.5541,-0.1089,0,-0.0198,0.2212,0.975,0,-0.5643,0.8025,-0.1935,0,-5.4445,8.3002,100.8425,1]},
{"frame":62,"values":[0.7948,0.5915,-0.1354,0,0.0026,0.2197,0.9756,0,-0.6068,0.7758,-0.1731,0,-5.5849,10.0678,99.2464,1]},
{"frame":63,"values":[0.7666,0.6243,-0.1501,0,0.0219,0.2082,0.9778,0,-0.6418,0.7529,-0.146,0,-5.8277,11.9396,97.4672,1]},
{"frame":64,"values":[0.7394,0.654,-0.1598,0,0.0428,0.1911,0.9806,0,-0.6719,0.7319,-0.1133,0,-6.2787,14.0108,95.503,1]},
{"frame":65,"values":[0.7125,0.6818,-0.1657,0,0.0628,0.1731,0.9829,0,-0.6988,0.7108,-0.0805,0,-6.9446,16.248,93.263,1]},
{"frame":66,"values":[0.6836,0.711,-0.1648,0,0.0802,0.1512,0.9852,0,-0.7255,0.6867,-0.0464,0,-7.8543,18.6396,90.7296,1]},
{"frame":67,"values":[0.6609,0.7334,-0.1591,0,0.0975,0.1263,0.9872,0,-0.7441,0.6679,-0.0119,0,-8.8736,21.224,87.854,1]},
{"frame":68,"values":[0.6445,0.7489,-0.1539,0,0.1183,0.1011,0.9878,0,-0.7553,0.6549,0.0235,0,-10.0786,23.9565,84.6507,1]},
{"frame":69,"values":[0.6327,0.7599,-0.1489,0,0.1376,0.0788,0.9873,0,-0.762,0.6452,0.0547,0,-11.4198,26.8366,81.0726,1]},
{"frame":70,"values":[0.6349,0.759,-0.1441,0,0.1513,0.0607,0.9866,0,-0.7576,0.6483,0.0763,0,-12.9129,29.8236,77.0993,1]},
{"frame":71,"values":[0.6496,0.7475,-0.1388,0,0.1615,0.0428,0.986,0,-0.743,0.6628,0.0929,0,-14.5033,32.8488,73.0013,1]},
{"frame":72,"values":[0.6693,0.7315,-0.13,0,0.162,0.0271,0.9864,0,-0.7251,0.6813,0.1004,0,-16.1759,36.1354,68.8112,1]},
{"frame":73,"values":[0.6849,0.7187,-0.1197,0,0.1527,0.019,0.9881,0,-0.7124,0.6951,0.0968,0,-17.749,39.1883,64.2201,1]},
{"frame":74,"values":[0.7047,0.7017,-0.1052,0,0.1337,0.0142,0.9909,0,-0.6968,0.7124,0.0838,0,-18.9224,41.8742,58.6948,1]},
{"frame":75,"values":[0.7292,0.6782,-0.0915,0,0.1035,0.0228,0.9944,0,-0.6765,0.7345,0.0536,0,-20.1798,44.6089,53.4554,1]},
{"frame":76,"values":[0.7171,0.6922,-0.0822,0,0.0436,0.0732,0.9964,0,-0.6957,0.718,-0.0224,0,-19.6287,46.9323,49.5827,1]},
{"frame":77,"values":[0.6802,0.7285,-0.081,0,-0.0356,0.1432,0.9891,0,-0.7321,0.6699,-0.1233,0,-18.0427,48.9568,46.6577,1]},
{"frame":78,"values":[0.6423,0.7615,-0.0872,0,-0.1106,0.2046,0.9726,0,-0.7585,0.615,-0.2156,0,-16.1226,50.7645,45.3882,1]},
{"frame":79,"values":[0.6039,0.7903,-0.1032,0,-0.1869,0.2662,0.9456,0,-0.7748,0.5518,-0.3085,0,-14.1879,52.6096,45.9835,1]},
{"frame":80,"values":[0.5541,0.8234,-0.1225,0,-0.244,0.3013,0.9218,0,-0.7959,0.4809,-0.3678,0,-13.0038,54.4662,46.3553,1]},
{"frame":81,"values":[0.4971,0.8559,-0.1428,0,-0.2855,0.3168,0.9045,0,-0.8194,0.4088,-0.4018,0,-12.3051,56.3212,46.6269,1]},
{"frame":82,"values":[0.4602,0.8715,-0.1695,0,-0.3174,0.3398,0.8853,0,-0.8291,0.3536,-0.433,0,-11.8929,58.58,47.0187,1]},
{"frame":83,"values":[0.4392,0.876,-0.1994,0,-0.345,0.3694,0.8628,0,-0.8295,0.3102,-0.4645,0,-11.6193,61.0385,47.4757,1]},
{"frame":84,"values":[0.416,0.8792,-0.2322,0,-0.3701,0.3969,0.8399,0,-0.8307,0.2634,-0.4905,0,-11.3837,63.6564,47.9302,1]},
{"frame":85,"values":[0.3857,0.8812,-0.2733,0,-0.3926,0.4248,0.8157,0,-0.8349,0.2074,-0.5098,0,-11.2238,66.1848,48.343,1]},
{"frame":86,"values":[0.3568,0.878,-0.3191,0,-0.4119,0.4544,0.7898,0,-0.8385,0.1504,-0.5238,0,-11.2222,68.7454,48.7224,1]},
{"frame":87,"values":[0.3394,0.8673,-0.3642,0,-0.4281,0.4872,0.7612,0,-0.8376,0.1025,-0.5367,0,-11.2791,71.4996,48.923,1]},
{"frame":88,"values":[0.3252,0.849,-0.4165,0,-0.444,0.5259,0.7255,0,-0.835,0.051,-0.548,0,-11.4072,74.2904,48.9008,1]},
{"frame":89,"values":[0.3097,0.8258,-0.4713,0,-0.4597,0.564,0.686,0,-0.8323,-0.0042,-0.5543,0,-11.604,77.1381,48.7427,1]},
{"frame":90,"values":[0.2993,0.7981,-0.5229,0,-0.4718,0.6001,0.6459,0,-0.8293,-0.0534,-0.5562,0,-11.8444,80.0434,48.2998,1]},
{"frame":91,"values":[0.2969,0.7638,-0.5731,0,-0.4871,0.6374,0.597,0,-0.8213,-0.1019,-0.5613,0,-12.0872,83.3746,47.6975,1]},
{"frame":92,"values":[0.2905,0.7275,-0.6215,0,-0.4989,0.6695,0.5504,0,-0.8165,-0.1502,-0.5575,0,-12.3539,86.8011,46.6948,1]},
{"frame":93,"values":[0.2837,0.6811,-0.675,0,-0.5106,0.7032,0.4948,0,-0.8116,-0.2043,-0.5473,0,-12.5617,90.3354,45.1008,1]},
{"frame":94,"values":[0.2747,0.6325,-0.7242,0,-0.5202,0.7312,0.4412,0,-0.8086,-0.2556,-0.5299,0,-12.8487,94.1557,42.8947,1]},
{"frame":95,"values":[0.271,0.5756,-0.7715,0,-0.5327,0.7573,0.3778,0,-0.8017,-0.3086,-0.5119,0,-13.2083,97.658,39.9582,1]},
{"frame":96,"values":[0.2639,0.5141,-0.8161,0,-0.5426,0.7786,0.3151,0,-0.7974,-0.3597,-0.4845,0,-13.5641,101.3637,36.1769,1]},
{"frame":97,"values":[0.2437,0.4403,-0.8641,0,-0.5514,0.7959,0.2501,0,-0.7979,-0.4155,-0.4368,0,-14.0664,105.1274,31.6155,1]},
{"frame":98,"values":[0.2133,0.3441,-0.9144,0,-0.5698,0.8041,0.1697,0,-0.7936,-0.4848,-0.3675,0,-14.7824,108.818,26.3197,1]},
{"frame":99,"values":[0.1578,0.2323,-0.9598,0,-0.5738,0.8125,0.1023,0,-0.8036,-0.5346,-0.2615,0,-15.8086,112.1785,20.0905,1]},
{"frame":100,"values":[0.0816,0.0638,-0.9946,0,-0.5301,0.8478,0.0109,0,-0.844,-0.5264,-0.103,0,-16.7669,115.5612,16.3202,1]},
{"frame":101,"values":[0.0439,-0.18,-0.9827,0,-0.4551,0.8721,-0.18,0,-0.8894,-0.4551,0.0437,0,-17.3386,118.5092,15.5869,1]},
{"frame":102,"values":[0.0575,-0.3207,-0.9454,0,-0.4342,0.8447,-0.313,0,-0.899,-0.4285,0.0907,0,-17.413,120.1926,17.7034,1]},
{"frame":103,"values":[0.0255,-0.294,-0.9555,0,-0.497,0.8256,-0.2672,0,-0.8674,-0.4817,0.1251,0,-17.4885,121.7303,18.634,1]},
{"frame":104,"values":[-0.0164,-0.2318,-0.9726,0,-0.5538,0.812,-0.1842,0,-0.8325,-0.5356,0.1417,0,-17.5267,123.1278,18.9435,1]},
{"frame":105,"values":[-0.0608,-0.2314,-0.971,0,-0.5612,0.8124,-0.1584,0,-0.8255,-0.5353,0.1792,0,-17.4105,124.7406,18.9121,1]},
{"frame":106,"values":[-0.1067,-0.3231,-0.9403,0,-0.5451,0.8099,-0.2164,0,-0.8315,-0.4895,0.2625,0,-17.0289,126.4662,18.4053,1]},
{"frame":107,"values":[-0.1418,-0.4357,-0.8889,0,-0.5521,0.7801,-0.2943,0,-0.8216,-0.449,0.3512,0,-16.8908,128.0032,17.4201,1]},
{"frame":108,"values":[-0.1701,-0.5269,-0.8328,0,-0.5582,0.7479,-0.3592,0,-0.8121,-0.4037,0.4213,0,-16.6443,129.4152,17.3292,1]},
{"frame":109,"values":[-0.2161,-0.5771,-0.7875,0,-0.538,0.7435,-0.3972,0,-0.8148,-0.3378,0.4712,0,-15.7005,130.3593,18.2137,1]},
{"frame":110,"values":[-0.2623,-0.5835,-0.7686,0,-0.5121,0.7593,-0.4016,0,-0.8179,-0.2882,0.498,0,-14.5561,131.2815,18.865,1]},
{"frame":111,"values":[-0.3096,-0.5818,-0.7521,0,-0.4924,0.7747,-0.3967,0,-0.8134,-0.2475,0.5263,0,-14.2252,133.2365,19.5219,1]},
{"frame":112,"values":[-0.3491,-0.5754,-0.7396,0,-0.4873,0.7856,-0.3813,0,-0.8004,-0.2273,0.5547,0,-14.1927,134.961,19.6737,1]},
{"frame":113,"values":[-0.3829,-0.5791,-0.7197,0,-0.5058,0.7834,-0.3613,0,-0.773,-0.2257,0.5929,0,-13.8913,135.4079,19.4864,1]},
{"frame":114,"values":[-0.4077,-0.5924,-0.6949,0,-0.5348,0.7717,-0.3441,0,-0.7401,-0.2313,0.6314,0,-13.4705,135.4022,19.4281,1]},
{"frame":115,"values":[-0.4243,-0.5973,-0.6806,0,-0.5605,0.7636,-0.3207,0,-0.7113,-0.2454,0.6587,0,-13.1154,135.4361,19.5278,1]},
{"frame":116,"values":[-0.4334,-0.5941,-0.6777,0,-0.5832,0.7581,-0.2917,0,-0.687,-0.2688,0.6751,0,-12.9116,135.4005,19.707,1]},
{"frame":117,"values":[-0.4402,-0.5854,-0.6808,0,-0.6055,0.7534,-0.2564,0,-0.663,-0.2993,0.6862,0,-12.932,135.2309,19.8209,1]},
{"frame":118,"values":[-0.4483,-0.5802,-0.68,0,-0.6179,0.7508,-0.2333,0,-0.6459,-0.3156,0.6951,0,-12.8405,134.9421,19.7423,1]},
{"frame":119,"values":[-0.4517,-0.577,-0.6805,0,-0.6228,0.75,-0.2225,0,-0.6388,-0.3233,0.6981,0,-12.8029,134.6902,19.6328,1]},
{"frame":120,"values":[-0.4486,-0.5735,-0.6854,0,-0.6255,0.7493,-0.2175,0,-0.6384,-0.3312,0.6949,0,-12.9256,134.4949,19.5777,1]},
{"frame":121,"values":[-0.442,-0.5697,-0.6929,0,-0.6272,0.7485,-0.2152,0,-0.6412,-0.3394,0.6882,0,-13.147,134.3499,19.568,1]},
{"frame":122,"values":[-0.4303,-0.5651,-0.7039,0,-0.6282,0.7475,-0.216,0,-0.6482,-0.3493,0.6766,0,-13.456,134.2588,19.6315,1]},
{"frame":123,"values":[-0.4149,-0.5608,-0.7165,0,-0.6288,0.7459,-0.2198,0,-0.6577,-0.3593,0.6621,0,-13.7887,134.2315,19.7555,1]},
{"frame":124,"values":[-0.4015,-0.5576,-0.7266,0,-0.6266,0.7458,-0.2261,0,-0.668,-0.3645,0.6488,0,-14.0383,134.1986,19.8692,1]},
{"frame":125,"values":[-0.3894,-0.5546,-0.7354,0,-0.6211,0.7477,-0.235,0,-0.6801,-0.3653,0.6356,0,-14.2287,134.1431,19.9554,1]},
{"frame":126,"values":[-0.3794,-0.5504,-0.7437,0,-0.6179,0.749,-0.2391,0,-0.6887,-0.3688,0.6243,0,-14.3659,134.0728,19.9996,1]},
{"frame":127,"values":[-0.3742,-0.5461,-0.7495,0,-0.6134,0.7519,-0.2416,0,-0.6955,-0.3694,0.6163,0,-14.4081,134.0196,20.0112,1]},
{"frame":128,"values":[-0.3716,-0.542,-0.7538,0,-0.6085,0.7554,-0.2431,0,-0.7011,-0.3684,0.6105,0,-14.3698,133.9741,19.9957,1]},
{"frame":129,"values":[-0.3695,-0.5378,-0.7578,0,-0.6042,0.7586,-0.2438,0,-0.706,-0.3678,0.6052,0,-14.3281,133.9256,19.9746,1]},
{"frame":141,"values":[0.9628,0.2695,-0.0219,0,-0.0019,0.0875,0.9962,0,-0.2704,0.959,-0.0847,0,-0.0015,1.8013,99.4123,1]},
{"frame":142,"values":[0.96,0.2793,-0.0216,0,-0.0029,0.087,0.9962,0,-0.2802,0.9562,-0.0843,0,0.0769,1.7412,99.3837,1]},
{"frame":143,"values":[0.956,0.2926,-0.021,0,-0.0046,0.0866,0.9962,0,-0.2933,0.9523,-0.0841,0,0.1719,1.6345,99.332,1]},
{"frame":144,"values":[0.9508,0.3091,-0.0197,0,-0.0072,0.0856,0.9963,0,-0.3097,0.9472,-0.0836,0,0.2736,1.4768,99.2661,1]},
{"frame":145,"values":[0.9444,0.3284,-0.0177,0,-0.0106,0.0841,0.9964,0,-0.3287,0.9408,-0.0829,0,0.3715,1.2602,99.1948,1]},
{"frame":146,"values":[0.9369,0.3494,-0.0152,0,-0.0143,0.0819,0.9965,0,-0.3494,0.9334,-0.0818,0,0.4526,0.9831,99.1275,1]},
{"frame":147,"values":[0.9287,0.3707,-0.0128,0,-0.018,0.0794,0.9967,0,-0.3705,0.9253,-0.0804,0,0.5065,0.6475,99.0692,1]},
{"frame":148,"values":[0.9201,0.3914,-0.0109,0,-0.021,0.077,0.9968,0,-0.391,0.917,-0.0791,0,0.527,0.2571,99.0185,1]},
{"frame":149,"values":[0.9116,0.411,-0.0099,0,-0.023,0.075,0.9969,0,-0.4105,0.9085,-0.0778,0,0.5128,-0.1813,98.9724,1]},
{"frame":150,"values":[0.9029,0.4296,-0.0101,0,-0.0239,0.0736,0.997,0,-0.4291,0.9,-0.0767,0,0.4658,-0.6577,98.9316,1]},
{"frame":151,"values":[0.8939,0.4481,-0.0112,0,-0.0237,0.0722,0.9971,0,-0.4476,0.8911,-0.0752,0,0.3908,-1.1611,98.9014,1]},
{"frame":152,"values":[0.8839,0.4674,-0.013,0,-0.0224,0.0701,0.9973,0,-0.467,0.8813,-0.0724,0,0.2922,-1.6821,98.8875,1]},
{"frame":153,"values":[0.8725,0.4884,-0.0149,0,-0.0203,0.0667,0.9976,0,-0.4882,0.8701,-0.0681,0,0.1738,-2.2134,98.8908,1]},
{"frame":154,"values":[0.8592,0.5113,-0.0169,0,-0.0176,0.0626,0.9979,0,-0.5113,0.8571,-0.0628,0,0.0398,-2.7495,98.9067,1]},
{"frame":155,"values":[0.8442,0.5357,-0.0189,0,-0.0148,0.0586,0.9982,0,-0.5358,0.8424,-0.0574,0,-0.1047,-3.2884,98.9271,1]},
{"frame":156,"values":[0.8276,0.5609,-0.0214,0,-0.0121,0.0561,0.9984,0,-0.5612,0.826,-0.0532,0,-0.2554,-3.8308,98.9449,1]},
{"frame":157,"values":[0.8095,0.5866,-0.0248,0,-0.0098,0.0557,0.9984,0,-0.5871,0.8079,-0.0508,0,-0.4113,-4.3768,98.9557,1]},
{"frame":158,"values":[0.7897,0.6127,-0.0291,0,-0.0079,0.0576,0.9983,0,-0.6134,0.7882,-0.0503,0,-0.5756,-4.921,98.9593,1]},
{"frame":159,"values":[0.7682,0.6394,-0.0339,0,-0.0067,0.061,0.9981,0,-0.6402,0.7665,-0.0511,0,-0.7539,-5.4505,98.9586,1]},
{"frame":160,"values":[0.7446,0.6664,-0.0383,0,-0.0064,0.0645,0.9979,0,-0.6675,0.7428,-0.0523,0,-0.9509,-5.9501,98.9564,1]},
{"frame":161,"values":[0.7196,0.6932,-0.0415,0,-0.0069,0.0669,0.9977,0,-0.6944,0.7176,-0.053,0,-1.1665,-6.4106,98.9515,1]},
{"frame":162,"values":[0.6942,0.7185,-0.043,0,-0.0082,0.0676,0.9977,0,-0.7198,0.6922,-0.0528,0,-1.3954,-6.8335,98.9386,1]},
{"frame":163,"values":[0.6703,0.7408,-0.0427,0,-0.0098,0.0664,0.9977,0,-0.742,0.6684,-0.0518,0,-1.63,-7.2266,98.913,1]},
{"frame":164,"values":[0.65,0.7588,-0.041,0,-0.0116,0.0639,0.9979,0,-0.7598,0.6482,-0.0503,0,-1.8643,-7.5946,98.8759,1]},
{"frame":165,"values":[0.635,0.7716,-0.0382,0,-0.0136,0.0607,0.9981,0,-0.7724,0.6333,-0.049,0,-2.0954,-7.9362,98.8343,1]},
{"frame":166,"values":[0.626,0.779,-0.0345,0,-0.016,0.0571,0.9982,0,-0.7796,0.6244,-0.0482,0,-2.3218,-8.2473,98.7951,1]},
{"frame":167,"values":[0.6229,0.7817,-0.0301,0,-0.0186,0.0533,0.9984,0,-0.7821,0.6213,-0.0478,0,-2.54,-8.5268,98.7607,1]},
{"frame":168,"values":[0.6245,0.7806,-0.0253,0,-0.0211,0.0492,0.9986,0,-0.7808,0.6231,-0.0472,0,-2.7431,-8.7781,98.729,1]},
{"frame":169,"values":[0.6295,0.7767,-0.0205,0,-0.0226,0.0447,0.9987,0,-0.7766,0.6283,-0.0457,0,-2.9222,-9.0069,98.6964,1]},
{"frame":170,"values":[0.6372,0.7705,-0.0163,0,-0.023,0.0402,0.9989,0,-0.7703,0.6362,-0.0433,0,-3.0695,-9.2154,98.6601,1]},
{"frame":171,"values":[0.6475,0.762,-0.0127,0,-0.0227,0.036,0.9991,0,-0.7618,0.6466,-0.0406,0,-3.1807,-9.4004,98.6191,1]},
{"frame":172,"values":[0.6606,0.7507,-0.0098,0,-0.0223,0.0327,0.9992,0,-0.7504,0.6598,-0.0384,0,-3.2553,-9.5542,98.5752,1]},
{"frame":173,"values":[0.6765,0.7364,-0.0075,0,-0.0222,0.0306,0.9993,0,-0.7361,0.6758,-0.0371,0,-3.2942,-9.6692,98.5329,1]},
{"frame":174,"values":[0.6944,0.7195,-0.0057,0,-0.0223,0.0294,0.9993,0,-0.7192,0.6938,-0.0365,0,-3.2984,-9.739,98.4975,1]},
{"frame":175,"values":[0.7134,0.7007,-0.0047,0,-0.0218,0.0289,0.9993,0,-0.7004,0.7128,-0.0359,0,-3.2709,-9.7589,98.4734,1]},
{"frame":176,"values":[0.7326,0.6807,-0.0046,0,-0.0202,0.0285,0.9994,0,-0.6804,0.732,-0.0347,0,-3.2171,-9.7242,98.4616,1]},
{"frame":177,"values":[0.7517,0.6595,-0.0055,0,-0.0173,0.028,0.9995,0,-0.6593,0.7512,-0.0324,0,-3.1425,-9.6314,98.4591,1]},
{"frame":178,"values":[0.7708,0.637,-0.007,0,-0.0131,0.0269,0.9996,0,-0.6369,0.7704,-0.029,0,-3.0515,-9.4791,98.4599,1]},
{"frame":179,"values":[0.7901,0.613,-0.0089,0,-0.0081,0.025,0.9997,0,-0.613,0.7897,-0.0247,0,-2.9454,-9.2693,98.4582,1]},
{"frame":180,"values":[0.809,0.5877,-0.0109,0,-0.0028,0.0224,0.9997,0,-0.5878,0.8087,-0.0198,0,-2.8214,-9.0071,98.4513,1]},
{"frame":181,"values":[0.8271,0.5619,-0.0127,0,0.0024,0.0191,0.9998,0,-0.562,0.827,-0.0144,0,-2.6725,-8.7012,98.4399,1]},
{"frame":182,"values":[0.8442,0.5358,-0.0144,0,0.0072,0.0154,0.9999,0,-0.5359,0.8442,-0.0091,0,-2.4923,-8.3613,98.4259,1]},
{"frame":183,"values":[0.8603,0.5095,-0.0157,0,0.0113,0.0117,0.9999,0,-0.5096,0.8604,-0.0043,0,-2.2795,-7.9948,98.4109,1]},
{"frame":184,"values":[0.8756,0.4828,-0.0166,0,0.0143,0.0084,0.9999,0,-0.4829,0.8757,-0.0005,0,-2.0386,-7.6054,98.3961,1]},
{"frame":185,"values":[0.89,0.4556,-0.0173,0,0.0163,0.0061,0.9998,0,-0.4556,0.8902,0.002,0,-1.7776,-7.1941,98.3829,1]},
{"frame":186,"values":[0.9036,0.4281,-0.0182,0,0.0177,0.005,0.9998,0,-0.4281,0.9037,0.003,0,-1.5037,-6.7623,98.3733,1]},
{"frame":187,"values":[0.9161,0.4005,-0.0194,0,0.0188,0.0055,0.9998,0,-0.4005,0.9163,0.0025,0,-1.2196,-6.312,98.3692,1]},
{"frame":188,"values":[0.9277,0.3728,-0.0212,0,0.0199,0.0075,0.9998,0,-0.3729,0.9279,0.0004,0,-0.9235,-5.8463,98.3698,1]},
{"frame":189,"values":[0.9383,0.345,-0.0234,0,0.0208,0.0111,0.9997,0,-0.3452,0.9385,-0.0033,0,-0.6127,-5.3666,98.3729,1]},
{"frame":190,"values":[0.9479,0.3174,-0.0256,0,0.0217,0.0159,0.9996,0,-0.3177,0.9482,-0.0082,0,-0.2884,-4.8713,98.378,1]},
{"frame":191,"values":[0.9564,0.2906,-0.028,0,0.0228,0.0212,0.9995,0,-0.291,0.9566,-0.0136,0,0.0436,-4.3558,98.3889,1]},
{"frame":192,"values":[0.9637,0.2653,-0.0306,0,0.0244,0.0264,0.9994,0,-0.2659,0.9638,-0.0189,0,0.3749,-3.8153,98.4118,1]},
{"frame":193,"values":[0.9697,0.2421,-0.0335,0,0.0268,0.0311,0.9992,0,-0.2429,0.9698,-0.0236,0,0.6972,-3.2467,98.4512,1]},
{"frame":194,"values":[0.9745,0.2213,-0.0365,0,0.0295,0.0351,0.999,0,-0.2224,0.9746,-0.0276,0,1.0035,-2.6504,98.5067,1]},
{"frame":195,"values":[0.9784,0.203,-0.039,0,0.0318,0.0383,0.9988,0,-0.2043,0.9784,-0.031,0,1.2867,-2.0315,98.5721,1]},
{"frame":196,"values":[0.9815,0.1871,-0.0403,0,0.0332,0.0409,0.9986,0,-0.1885,0.9815,-0.0339,0,1.5414,-1.3995,98.637,1]},
{"frame":197,"values":[0.9841,0.1731,-0.0403,0,0.0333,0.0432,0.9985,0,-0.1746,0.984,-0.0367,0,1.7651,-0.765,98.69,1]},
{"frame":198,"values":[0.9862,0.1609,-0.0392,0,0.0323,0.0453,0.9985,0,-0.1624,0.9859,-0.0395,0,1.9596,-0.1379,98.7221,1]},
{"frame":199,"values":[0.9879,0.1503,-0.0375,0,0.0307,0.0475,0.9984,0,-0.1518,0.9875,-0.0423,0,2.1293,0.473,98.7304,1]},
{"frame":200,"values":[0.9893,0.1412,-0.0358,0,0.029,0.0498,0.9983,0,-0.1428,0.9887,-0.0451,0,2.2786,1.0607,98.718,1]},
{"frame":201,"values":[0.9904,0.1338,-0.0343,0,0.0275,0.0522,0.9983,0,-0.1354,0.9896,-0.0481,0,2.4108,1.6197,98.6917,1]},
{"frame":202,"values":[0.9913,0.1278,-0.033,0,0.0261,0.055,0.9981,0,-0.1294,0.9903,-0.0512,0,2.5278,2.145,98.6594,1]},
{"frame":203,"values":[0.9919,0.123,-0.0318,0,0.0248,0.058,0.998,0,-0.1246,0.9907,-0.0545,0,2.6292,2.6309,98.6285,1]},
{"frame":204,"values":[0.9924,0.1194,-0.0306,0,0.0234,0.0612,0.9979,0,-0.121,0.991,-0.0579,0,2.7125,3.0715,98.6045,1]},
{"frame":205,"values":[0.9927,0.1172,-0.0292,0,0.0217,0.0645,0.9977,0,-0.1189,0.991,-0.0615,0,2.7754,3.4614,98.59,1]},
{"frame":206,"values":[0.9928,0.1166,-0.0275,0,0.0197,0.0681,0.9975,0,-0.1182,0.9908,-0.0653,0,2.8166,3.7967,98.5845,1]},
{"frame":207,"values":[0.9928,0.1173,-0.0258,0,0.0174,0.0718,0.9973,0,-0.1188,0.9905,-0.0692,0,2.836,4.0737,98.5859,1]},
{"frame":208,"values":[0.9926,0.119,-0.0243,0,0.0154,0.0752,0.9971,0,-0.1205,0.99,-0.0728,0,2.8326,4.29,98.5919,1]},
{"frame":209,"values":[0.9923,0.1215,-0.0232,0,0.0138,0.078,0.9969,0,-0.1229,0.9895,-0.0757,0,2.8041,4.4443,98.5991,1]},
{"frame":210,"values":[0.992,0.1242,-0.0227,0,0.0128,0.0801,0.9967,0,-0.1256,0.989,-0.0779,0,2.7476,4.5372,98.6034,1]},
{"frame":211,"values":[0.9917,0.1267,-0.0226,0,0.0123,0.0815,0.9966,0,-0.1281,0.9886,-0.0793,0,2.659,4.5704,98.6015,1]},
{"frame":212,"values":[0.9914,0.1287,-0.023,0,0.0124,0.0825,0.9965,0,-0.1301,0.9882,-0.0802,0,2.5353,4.5458,98.5938,1]},
{"frame":213,"values":[0.9912,0.1304,-0.0238,0,0.013,0.0832,0.9964,0,-0.1319,0.988,-0.0808,0,2.3765,4.4649,98.584,1]},
{"frame":214,"values":[0.9909,0.1324,-0.0251,0,0.0141,0.0837,0.9964,0,-0.134,0.9877,-0.0811,0,2.1871,4.3304,98.576,1]},
{"frame":215,"values":[0.9904,0.1352,-0.027,0,0.0156,0.0841,0.9963,0,-0.137,0.9872,-0.0812,0,1.9742,4.1471,98.5716,1]},
{"frame":216,"values":[0.9898,0.1396,-0.0291,0,0.0174,0.0844,0.9963,0,-0.1415,0.9866,-0.0811,0,1.7436,3.9232,98.5707,1]},
{"frame":217,"values":[0.9888,0.1456,-0.0314,0,0.0191,0.0846,0.9962,0,-0.1477,0.9857,-0.0809,0,1.4974,3.6683,98.5726,1]},
{"frame":218,"values":[0.9876,0.1532,-0.0335,0,0.0206,0.0848,0.9962,0,-0.1555,0.9846,-0.0805,0,1.2359,3.391,98.5785,1]},
{"frame":219,"values":[0.9862,0.1619,-0.0353,0,0.0217,0.0848,0.9962,0,-0.1643,0.9832,-0.0801,0,0.9611,3.0972,98.5907,1]},
{"frame":220,"values":[0.9845,0.1714,-0.0368,0,0.0225,0.0845,0.9962,0,-0.1738,0.9816,-0.0794,0,0.6785,2.7906,98.6105,1]},
{"frame":221,"values":[0.9827,0.1811,-0.0379,0,0.0229,0.084,0.9962,0,-0.1836,0.9799,-0.0784,0,0.3953,2.4755,98.6365,1]},
{"frame":222,"values":[0.9809,0.1907,-0.0387,0,0.0232,0.0831,0.9963,0,-0.1932,0.9781,-0.0771,0,0.1174,2.1582,98.6658,1]},
{"frame":223,"values":[0.979,0.2001,-0.0392,0,0.0231,0.082,0.9964,0,-0.2025,0.9763,-0.0757,0,-0.151,1.8467,98.6963,1]},
{"frame":224,"values":[0.9771,0.209,-0.0394,0,0.0229,0.0805,0.9965,0,-0.2114,0.9746,-0.0738,0,-0.4073,1.5474,98.728,1]},
{"frame":225,"values":[0.9753,0.2174,-0.0393,0,0.0227,0.0784,0.9967,0,-0.2197,0.9729,-0.0715,0,-0.6507,1.2629,98.761,1]},
{"frame":226,"values":[0.9735,0.2253,-0.0392,0,0.0226,0.0759,0.9969,0,-0.2275,0.9713,-0.0688,0,-0.8821,0.9911,98.7937,1]},
{"frame":227,"values":[0.9717,0.2328,-0.0391,0,0.0226,0.0732,0.9971,0,-0.2349,0.9698,-0.0659,0,-1.1029,0.7283,98.8231,1]},
{"frame":228,"values":[0.97,0.24,-0.0392,0,0.0228,0.0706,0.9972,0,-0.2421,0.9682,-0.063,0,-1.313,0.4721,98.8476,1]},
{"frame":229,"values":[0.9682,0.2471,-0.0395,0,0.0232,0.0683,0.9974,0,-0.2491,0.9666,-0.0604,0,-1.5103,0.2229,98.8687,1]},
{"frame":230,"values":[0.9664,0.2539,-0.0398,0,0.0237,0.0665,0.9975,0,-0.256,0.9649,-0.0582,0,-1.6919,-0.0161,98.8888,1]},
{"frame":231,"values":[0.9647,0.2603,-0.0402,0,0.024,0.0652,0.9976,0,-0.2623,0.9633,-0.0567,0,-1.8547,-0.2417,98.9096,1]},
{"frame":232,"values":[0.9631,0.266,-0.0407,0,0.0243,0.0646,0.9976,0,-0.268,0.9618,-0.0557,0,-1.9963,-0.4515,98.9295,1]},
{"frame":233,"values":[0.9617,0.271,-0.0412,0,0.0246,0.0644,0.9976,0,-0.273,0.9604,-0.0553,0,-2.1143,-0.6434,98.9448,1]},
{"frame":234,"values":[0.9605,0.2752,-0.0416,0,0.0247,0.0645,0.9976,0,-0.2772,0.9592,-0.0552,0,-2.207,-0.8142,98.9503,1]},
{"frame":235,"values":[0.9595,0.2786,-0.0418,0,0.0247,0.0648,0.9976,0,-0.2806,0.9582,-0.0553,0,-2.2718,-0.9592,98.943,1]},
{"frame":236,"values":[0.9588,0.2811,-0.0418,0,0.0243,0.0652,0.9976,0,-0.2831,0.9575,-0.0557,0,-2.3059,-1.0717,98.9232,1]},
{"frame":237,"values":[0.9583,0.2826,-0.0413,0,0.0237,0.0657,0.9976,0,-0.2846,0.957,-0.0562,0,-2.3061,-1.1451,98.8951,1]},
{"frame":238,"values":[0.9582,0.2833,-0.0405,0,0.0226,0.0663,0.9975,0,-0.2853,0.9567,-0.0571,0,-2.2706,-1.1742,98.865,1]},
{"frame":239,"values":[0.9582,0.2835,-0.0391,0,0.0208,0.0671,0.9975,0,-0.2854,0.9566,-0.0584,0,-2.2003,-1.1565,98.8395,1]},
{"frame":240,"values":[0.9583,0.2834,-0.0371,0,0.0185,0.068,0.9975,0,-0.2852,0.9566,-0.0599,0,-2.0995,-1.0928,98.824,1]},
{"frame":241,"values":[0.9585,0.2829,-0.0348,0,0.0158,0.0691,0.9975,0,-0.2846,0.9567,-0.0618,0,-1.9741,-0.986,98.8216,1]},
{"frame":242,"values":[0.9588,0.2821,-0.0322,0,0.0129,0.0702,0.9974,0,-0.2836,0.9568,-0.0637,0,-1.8298,-0.8404,98.8331,1]},
{"frame":243,"values":[0.9593,0.2809,-0.0298,0,0.0101,0.0714,0.9974,0,-0.2823,0.9571,-0.0657,0,-1.6713,-0.6615,98.8577,1]},
{"frame":244,"values":[0.9598,0.2795,-0.0277,0,0.0076,0.0728,0.9973,0,-0.2807,0.9574,-0.0677,0,-1.5024,-0.4549,98.8937,1]},
{"frame":245,"values":[0.9602,0.278,-0.0261,0,0.0055,0.0744,0.9972,0,-0.2792,0.9577,-0.0699,0,-1.3255,-0.2253,98.938,1]},
{"frame":246,"values":[0.9607,0.2766,-0.0247,0,0.0037,0.0762,0.9971,0,-0.2777,0.958,-0.0722,0,-1.1424,0.0242,98.9873,1]},
{"frame":247,"values":[0.9611,0.2753,-0.0235,0,0.0021,0.078,0.9969,0,-0.2763,0.9582,-0.0744,0,-0.9548,0.2908,99.0409,1]},
{"frame":248,"values":[0.9615,0.274,-0.0226,0,0.0006,0.0799,0.9968,0,-0.275,0.9584,-0.0766,0,-0.7651,0.5715,99.1008,1]},
{"frame":249,"values":[0.9618,0.2728,-0.0219,0,-0.0005,0.0817,0.9967,0,-0.2737,0.9586,-0.0788,0,-0.5755,0.8634,99.1694,1]},
{"frame":250,"values":[0.9622,0.2716,-0.0215,0,-0.0013,0.0836,0.9965,0,-0.2725,0.9588,-0.0808,0,-0.3861,1.1654,99.246,1]},
{"frame":251,"values":[0.9625,0.2705,-0.0215,0,-0.0018,0.0855,0.9963,0,-0.2714,0.9589,-0.0828,0,-0.1955,1.4774,99.3277,1]},
{"frame":252,"values":[0.9628,0.2695,-0.0219,0,-0.0019,0.0875,0.9962,0,-0.2704,0.959,-0.0847,0,-0.0015,1.8013,99.4123,1]},
{"frame":261,"values":[0.9628,0.2695,-0.0219,0,-0.0019,0.0875,0.9962,0,-0.2704,0.959,-0.0847,0,-0.0015,1.8013,99.4123,1]},
{"frame":262,"values":[0.9613,0.2752,-0.0095,0,-0.0023,0.0425,0.9991,0,-0.2754,0.9604,-0.0415,0,-0.6452,0.6924,99.0305,1]},
{"frame":263,"values":[0.959,0.2828,0.0165,0,-0.0105,-0.0228,0.9997,0,-0.2831,0.9589,0.0189,0,-1.5027,-0.1748,98.6551,1]},
{"frame":264,"values":[0.9568,0.2863,0.0507,0,-0.0211,-0.1055,0.9942,0,-0.29,0.9523,0.0949,0,-2.5949,-0.7417,98.3073,1]},
{"frame":265,"values":[0.9565,0.2801,0.0812,0,-0.025,-0.1988,0.9797,0,-0.2906,0.9392,0.1831,0,-3.8678,-0.8168,98.0478,1]},
{"frame":266,"values":[0.9586,0.2685,0.0946,0,-0.0169,-0.2783,0.9604,0,-0.2842,0.9222,0.2622,0,-5.0568,-0.3557,97.8527,1]},
{"frame":267,"values":[0.963,0.2537,0.0908,0,-0.0016,-0.3313,0.9435,0,-0.2694,0.9088,0.3187,0,-5.9802,0.7974,97.8592,1]},
{"frame":268,"values":[0.9605,0.2646,0.0862,0,0.0118,-0.3484,0.9373,0,-0.278,0.8992,0.3378,0,-6.7009,2.3445,98.1237,1]},
{"frame":269,"values":[0.9461,0.3084,0.0987,0,0.0105,-0.3338,0.9426,0,-0.3236,0.8908,0.319,0,-7.4379,3.6469,98.5933,1]},
{"frame":270,"values":[0.9285,0.3528,0.116,0,0.0101,-0.3362,0.9417,0,-0.3713,0.8732,0.3157,0,-8.2575,4.4852,99.1469,1]},
{"frame":271,"values":[0.9147,0.3828,0.1292,0,0.0093,-0.3396,0.9405,0,-0.4039,0.8591,0.3142,0,-8.9592,4.8869,99.5017,1]},
{"frame":272,"values":[0.9063,0.3994,0.1386,0,0.0074,-0.3427,0.9394,0,-0.4226,0.8503,0.3136,0,-9.4689,4.9202,99.6524,1]},
{"frame":273,"values":[0.9034,0.4026,0.1478,0,0.0054,-0.3553,0.9347,0,-0.4288,0.8436,0.3232,0,-9.8807,4.8139,99.7082,1]},
{"frame":274,"values":[0.9058,0.3939,0.1561,0,-0.0013,-0.3658,0.9307,0,-0.4237,0.8433,0.3308,0,-10.1916,4.7326,99.6819,1]},
{"frame":275,"values":[0.9109,0.3815,0.157,0,-0.0057,-0.3691,0.9294,0,-0.4125,0.8475,0.334,0,-10.3798,4.6536,99.6824,1]},
{"frame":276,"values":[0.9133,0.3768,0.1546,0,-0.0052,-0.3688,0.9295,0,-0.4072,0.8497,0.3349,0,-10.4106,4.458,99.6747,1]},
{"frame":277,"values":[0.9137,0.3773,0.1512,0,-0.0024,-0.3669,0.9303,0,-0.4064,0.8504,0.3343,0,-10.2165,4.2052,99.6227,1]},
{"frame":278,"values":[0.915,0.3771,0.1434,0,0.0012,-0.3579,0.9338,0,-0.4035,0.8542,0.3279,0,-9.8697,3.8906,99.5642,1]},
{"frame":279,"values":[0.9184,0.3728,0.1322,0,0.0028,-0.3403,0.9403,0,-0.3955,0.8632,0.3136,0,-9.4436,3.5589,99.5205,1]},
{"frame":280,"values":[0.9236,0.3652,0.1168,0,0.0055,-0.3172,0.9483,0,-0.3834,0.8752,0.295,0,-8.956,3.2464,99.4789,1]},
{"frame":281,"values":[0.9297,0.3548,0.0987,0,0.0098,-0.2917,0.9565,0,-0.3682,0.8883,0.2746,0,-8.3952,2.9545,99.4207,1]},
{"frame":282,"values":[0.937,0.3393,0.0834,0,0.0117,-0.2689,0.9631,0,-0.3492,0.9014,0.2559,0,-7.7522,2.674,99.3883,1]},
{"frame":283,"values":[0.9432,0.3243,0.0717,0,0.0104,-0.2445,0.9696,0,-0.332,0.9138,0.2339,0,-7.0596,2.4112,99.3918,1]},
{"frame":284,"values":[0.948,0.3124,0.0609,0,0.0084,-0.2158,0.9764,0,-0.3182,0.9251,0.2072,0,-6.3431,2.1458,99.4445,1]},
{"frame":285,"values":[0.9507,0.3055,0.0542,0,0.0035,-0.1855,0.9826,0,-0.3102,0.934,0.1774,0,-5.6137,1.8621,99.5297,1]},
{"frame":286,"values":[0.9538,0.2964,0.0497,0,-0.0042,-0.152,0.9884,0,-0.3005,0.9429,0.1438,0,-4.9345,1.6864,99.6287,1]},
{"frame":287,"values":[0.9578,0.2841,0.0438,0,-0.0096,-0.1208,0.9926,0,-0.2873,0.9512,0.1129,0,-4.336,1.618,99.7324,1]},
{"frame":288,"values":[0.9601,0.2772,0.0376,0,-0.0123,-0.0925,0.9956,0,-0.2795,0.9563,0.0854,0,-3.7527,1.5874,99.8097,1]},
{"frame":289,"values":[0.9612,0.2742,0.0309,0,-0.0133,-0.0658,0.9977,0,-0.2756,0.9594,0.0596,0,-3.2194,1.5567,99.8377,1]},
{"frame":290,"values":[0.9626,0.27,0.0237,0,-0.0131,-0.041,0.9991,0,-0.2707,0.962,0.0359,0,-2.7542,1.5458,99.8299,1]},
{"frame":291,"values":[0.9641,0.2651,0.0173,0,-0.0125,-0.0198,0.9997,0,-0.2654,0.964,0.0157,0,-2.3381,1.5561,99.8072,1]},
{"frame":292,"values":[0.9654,0.2606,0.012,0,-0.0119,-0.002,0.9999,0,-0.2606,0.9654,-0.0012,0,-1.9635,1.5797,99.7627,1]},
{"frame":293,"values":[0.9661,0.2582,0.0041,0,-0.0084,0.0155,0.9998,0,-0.2581,0.966,-0.0172,0,-1.6014,1.6438,99.7153,1]},
{"frame":294,"values":[0.9664,0.2572,-0.0034,0,-0.0055,0.0341,0.9994,0,-0.2572,0.9658,-0.0344,0,-1.2578,1.721,99.6522,1]},
{"frame":295,"values":[0.966,0.2583,-0.0071,0,-0.0058,0.049,0.9988,0,-0.2583,0.9648,-0.0489,0,-0.9883,1.7818,99.6036,1]},
{"frame":296,"values":[0.9654,0.2607,-0.0111,0,-0.0051,0.0613,0.9981,0,-0.2609,0.9635,-0.0605,0,-0.7226,1.8264,99.5619,1]},
{"frame":297,"values":[0.9645,0.2637,-0.0156,0,-0.0035,0.072,0.9974,0,-0.2642,0.9619,-0.0704,0,-0.4504,1.8597,99.5243,1]},
{"frame":298,"values":[0.9637,0.2664,-0.0196,0,-0.0022,0.0813,0.9967,0,-0.2671,0.9604,-0.0789,0,-0.2062,1.8514,99.4749,1]},
{"frame":299,"values":[0.9628,0.2695,-0.0219,0,-0.0019,0.0875,0.9962,0,-0.2704,0.959,-0.0847,0,-0.0015,1.8013,99.4123,1]},
{"frame":311,"values":[0.9636,0.2666,-0.0219,0,-0.0016,0.0875,0.9962,0,-0.2675,0.9598,-0.0847,0,-0.0015,1.8013,99.4123,1]},
{"frame":312,"values":[0.985,0.1718,-0.0183,0,0.002,0.0944,0.9955,0,-0.1728,0.9806,-0.0927,0,-2.6638,-0.2483,99.6518,1]},
{"frame":313,"values":[0.9954,0.0942,-0.0154,0,0.0058,0.1012,0.9948,0,-0.0952,0.9904,-0.1002,0,-5.1382,-2.3359,100.0778,1]},
{"frame":314,"values":[0.9996,0.0244,-0.0141,0,0.0114,0.1066,0.9942,0,-0.0258,0.994,-0.1062,0,-7.3868,-4.3043,100.5309,1]},
{"frame":315,"values":[0.9991,-0.0386,-0.0155,0,0.0196,0.108,0.994,0,0.0367,0.9934,-0.1086,0,-9.313,-6.0062,100.8574,1]},
{"frame":316,"values":[0.995,-0.0981,-0.0186,0,0.029,0.1052,0.994,0,0.0955,0.9896,-0.1075,0,-10.811,-7.3124,100.962,1]},
{"frame":317,"values":[0.9873,-0.1574,-0.0207,0,0.0369,0.1003,0.9943,0,0.1544,0.9824,-0.1049,0,-11.7868,-8.1736,100.9155,1]},
{"frame":318,"values":[0.9755,-0.2191,-0.0193,0,0.0413,0.0961,0.9945,0,0.216,0.971,-0.1028,0,-12.1975,-8.6288,100.8986,1]},
{"frame":319,"values":[0.9588,-0.2838,-0.0144,0,0.0427,0.0941,0.9946,0,0.2809,0.9543,-0.1024,0,-12.0764,-8.7781,101.0212,1]},
{"frame":320,"values":[0.9364,-0.3507,-0.007,0,0.0427,0.0941,0.9946,0,0.3482,0.9317,-0.1031,0,-11.5328,-8.7503,101.2014,1]},
{"frame":321,"values":[0.9085,-0.4178,0.0017,0,0.0416,0.0945,0.9946,0,0.4157,0.9036,-0.1033,0,-10.7391,-8.6695,101.2358,1]},
{"frame":322,"values":[0.877,-0.4803,0.0103,0,0.0395,0.0934,0.9948,0,0.4788,0.8721,-0.1009,0,-9.8823,-8.5879,100.9999,1]},
{"frame":323,"values":[0.8464,-0.5323,0.0163,0,0.0371,0.0895,0.9953,0,0.5313,0.8418,-0.0955,0,-9.1152,-8.4538,100.5499,1]},
{"frame":324,"values":[0.8206,-0.5712,0.018,0,0.0364,0.0837,0.9958,0,0.5703,0.8165,-0.0895,0,-8.5341,-8.1696,100.041,1]},
{"frame":325,"values":[0.7991,-0.601,0.0164,0,0.0384,0.0781,0.9962,0,0.6,0.7954,-0.0855,0,-8.1736,-7.6856,99.6115,1]},
{"frame":326,"values":[0.7765,-0.6299,0.0139,0,0.0416,0.0733,0.9964,0,0.6287,0.7732,-0.0832,0,-8.0151,-7.033,99.3357,1]},
{"frame":327,"values":[0.7486,-0.663,0.0118,0,0.0446,0.0681,0.9967,0,0.6616,0.7455,-0.0805,0,-8.0225,-6.2613,99.2003,1]},
{"frame":328,"values":[0.7158,-0.6983,0.0091,0,0.0466,0.0608,0.9971,0,0.6968,0.7133,-0.0761,0,-8.1768,-5.3454,99.1043,1]},
{"frame":329,"values":[0.682,-0.7313,0.0047,0,0.0472,0.0504,0.9976,0,0.7298,0.6802,-0.0689,0,-8.4658,-4.1624,98.9367,1]},
{"frame":330,"values":[0.6485,-0.7612,-0.0014,0,0.0461,0.0374,0.9982,0,0.7598,0.6474,-0.0593,0,-8.8499,-2.5675,98.6799,1]},
{"frame":331,"values":[0.6102,-0.7922,-0.009,0,0.0448,0.0232,0.9987,0,0.791,0.6099,-0.0496,0,-9.2676,-0.4973,98.4242,1]},
{"frame":332,"values":[0.5585,-0.8293,-0.0172,0,0.0462,0.0103,0.9989,0,0.8282,0.5587,-0.0441,0,-9.6837,1.9635,98.2871,1]},
{"frame":333,"values":[0.4893,-0.8718,-0.0244,0,0.0522,0.0013,0.9986,0,0.8706,0.4899,-0.0462,0,-10.1027,4.6021,98.3339,1]},
{"frame":334,"values":[0.4081,-0.9125,-0.0281,0,0.0626,-0.0027,0.998,0,0.9108,0.4091,-0.056,0,-10.5315,7.1953,98.5597,1]},
{"frame":335,"values":[0.3261,-0.945,-0.027,0,0.0752,-0.0025,0.9972,0,0.9423,0.3272,-0.0702,0,-10.9558,9.6416,98.9184,1]},
{"frame":336,"values":[0.2586,-0.9657,-0.0219,0,0.0875,0.0009,0.9962,0,0.962,0.2596,-0.0847,0,-11.2749,11.8207,99.4123,1]},
{"frame":351,"values":[0.9331,0.3588,-0.0219,0,-0.0101,0.0869,0.9962,0,-0.3594,0.9293,-0.0847,0,-0.0015,1.8013,99.4123,1]},
{"frame":352,"values":[0.8862,0.4627,-0.022,0,-0.0174,0.0806,0.9966,0,-0.4629,0.8828,-0.0795,0,2.6904,3.3364,99.4799,1]},
{"frame":353,"values":[0.8287,0.5592,-0.0224,0,-0.0276,0.0808,0.9963,0,-0.559,0.8251,-0.0824,0,5.3638,4.9236,99.3666,1]},
{"frame":354,"values":[0.7706,0.637,-0.0203,0,-0.0375,0.077,0.9963,0,-0.6362,0.767,-0.0833,0,7.9282,6.3945,99.4188,1]},
{"frame":355,"values":[0.723,0.6906,-0.0174,0,-0.0417,0.0687,0.9968,0,-0.6896,0.7199,-0.0785,0,10.108,7.77,99.5455,1]},
{"frame":356,"values":[0.6834,0.7299,-0.0145,0,-0.0444,0.0614,0.9971,0,-0.7287,0.6808,-0.0743,0,11.8273,9.0124,99.4926,1]},
{"frame":357,"values":[0.6369,0.7709,-0.0072,0,-0.0514,0.0518,0.9973,0,-0.7692,0.6349,-0.0726,0,13.1108,10.0974,99.2638,1]},
{"frame":358,"values":[0.5741,0.8188,0.001,0,-0.0592,0.0403,0.9974,0,-0.8167,0.5726,-0.0716,0,14.1092,10.9337,99.0862,1]},
{"frame":359,"values":[0.5002,0.8658,0.0122,0,-0.0701,0.0265,0.9972,0,-0.8631,0.4997,-0.074,0,15.0862,11.5679,99.0916,1]},
