{"producer":{"name":"Blender","version":"2.80 (sub 75)","exporter_version":"2.80.1","file":"Zombie.babylon"},
"autoClear":true,"clearColor":[0.0509,0.0509,0.0509],"gravity":[0,-9.81,0],
"materials":[{"name":"Zombie_COL","id":"Zombie_COL","customType":"BABYLON.PBRMaterial","backFaceCulling":true,"checkReadyOnlyOnce":false,"maxSimultaneousLights":4,"environmentIntensity":1,"roughness":0.5032,"alpha":1,"transparencyMode":0,"alphaCutOff":0.4,"metallic":0, 
"albedoTexture":{"name":"Zombie_diffuse.png","level":1,"hasAlpha":true,"coordinatesMode":0,"uOffset":0,"vOffset":0,"uScale":1,"vScale":1,"uAng":0,"vAng":0,"wAng":0,"wrapU":1,"wrapV":1,"coordinatesIndex":0},"useAlphaFromAlbedoTexture":true, 
"reflectivityTexture":{"name":"Zombie_specular.png","level":1,"hasAlpha":true,"coordinatesMode":0,"uOffset":0,"vOffset":0,"uScale":1,"vScale":1,"uAng":0,"vAng":0,"wAng":0,"wrapU":1,"wrapV":1,"coordinatesIndex":0}, 
"bumpTexture":{"name":"Zombie_normal.png","level":1,"hasAlpha":true,"coordinatesMode":0,"uOffset":0,"vOffset":0,"uScale":1,"vScale":1,"uAng":0,"vAng":0,"wAng":0,"wrapU":1,"wrapV":1,"coordinatesIndex":0}}],
"multiMaterials":[],
"skeletons":[{"name":"Character","id":0,"dimensionsAtRest":[195.6263,34.4282,180.7369],"bones":[
{"name":"Zombie:Hips","index":0,"matrix":[0.9458,0.3189,-0.0619,0,-0.004,0.2022,0.9793,0,-0.3248,0.926,-0.1925,0,0.6581,-2.1633,87.7381,1],"rest":[1,0,0,0,0,0,1,0,0,1,0,0,0,0,96.3764,1],"parentBoneIndex":-1,"length":9.9032
,"animation":{"dataType":3,"framePerSecond":30,"keys":[
{"frame":1,"values":[0.9458,0.3189,-0.0619,0,-0.004,0.2022,0.9793,0,-0.3248,0.926,-0.1925,0,0.6581,-2.1633,87.7381,1]},
{"frame":2,"values":[0.9501,0.3072,-0.0546,0,-0.003,0.184,0.9829,0,-0.3119,0.9337,-0.1758,0,0.552,-1.5244,87.8895,1]},
{"frame":3,"values":[0.9579,0.2839,-0.0421,0,-0.0018,0.1524,0.9883,0,-0.287,0.9467,-0.1465,0,0.4323,-0.5443,88.0792,1]},
{"frame":4,"values":[0.9687,0.2468,-0.0252,0,-0.0018,0.1087,0.9941,0,-0.2481,0.9629,-0.1057,0,0.3122,0.7667,88.2682,1]},
{"frame":5,"values":[0.9803,0.1974,-0.0074,0,-0.0044,0.0589,0.9983,0,-0.1975,0.9785,-0.0586,0,0.2001,2.328,88.4277,1]},
{"frame":6,"values":[0.9899,0.1414,0.0079,0,-0.0095,0.0101,0.9999,0,-0.1413,0.9899,-0.0114,0,0.1079,4.0179,88.5385,1]},
{"frame":7,"values":[0.9961,0.086,0.0199,0,-0.0173,-0.0303,0.9994,0,-0.0866,0.9958,0.0287,0,0.0394,5.7087,88.5645,1]},
{"frame":8,"values":[0.9989,0.0362,0.0297,0,-0.0275,-0.0587,0.9979,0,-0.0379,0.9976,0.0577,0,-0.0535,7.3248,88.4523,1]},
{"frame":9,"values":[0.9992,-0.0067,0.04,0,-0.0404,-0.078,0.9961,0,0.0035,0.9969,0.0782,0,-0.258,8.8567,88.1736,1]},
{"frame":10,"values":[0.9978,-0.0413,0.0519,0,-0.0555,-0.0927,0.9941,0,0.0362,0.9948,0.0948,0,-0.6322,10.3351,87.75,1]},
{"frame":11,"values":[0.996,-0.0632,0.0625,0,-0.069,-0.1062,0.992,0,0.056,0.9923,0.1101,0,-1.1946,11.8114,87.1963,1]},
{"frame":12,"values":[0.9953,-0.0681,0.0686,0,-0.0764,-0.1197,0.9899,0,0.0592,0.9905,0.1244,0,-1.9358,13.3294,86.4884,1]},
{"frame":13,"values":[0.9958,-0.057,0.0718,0,-0.0789,-0.1334,0.9879,0,0.0468,0.9894,0.1374,0,-2.7973,14.9003,85.6489,1]},
{"frame":14,"values":[0.9965,-0.036,0.0749,0,-0.0794,-0.1466,0.986,0,0.0245,0.9885,0.1489,0,-3.7196,16.3126,84.7867,1]},
{"frame":15,"values":[0.997,-0.0165,0.076,0,-0.0777,-0.1583,0.9843,0,0.0042,0.9873,0.1591,0,-4.5973,17.9061,83.9028,1]},
{"frame":16,"values":[0.9972,-0.0142,0.0737,0,-0.0751,-0.167,0.9831,0,0.0017,0.9859,0.1676,0,-5.2956,19.4283,83.1172,1]},
{"frame":17,"values":[0.997,-0.0352,0.0683,0,-0.0733,-0.1706,0.9826,0,0.0229,0.9847,0.1727,0,-5.6501,20.9592,82.4985,1]},
{"frame":18,"values":[0.9958,-0.0669,0.0628,0,-0.0734,-0.1716,0.9824,0,0.0549,0.9829,0.1757,0,-5.6865,22.5283,81.992,1]},
{"frame":19,"values":[0.9939,-0.0921,0.0607,0,-0.0761,-0.1747,0.9817,0,0.0798,0.9803,0.1807,0,-5.4228,24.159,81.4229,1]},
{"frame":20,"values":[0.993,-0.1003,0.0619,0,-0.0791,-0.1779,0.9809,0,0.0873,0.9789,0.1846,0,-4.7515,25.8708,80.5368,1]},
{"frame":21,"values":[0.9941,-0.0886,0.0632,0,-0.0778,-0.1728,0.9819,0,0.076,0.981,0.1787,0,-3.7416,27.6584,79.4764,1]},
{"frame":22,"values":[0.996,-0.0625,0.0636,0,-0.0727,-0.1557,0.9851,0,0.0517,0.9858,0.1597,0,-2.533,29.4006,78.1967,1]},
{"frame":23,"values":[0.9976,-0.0305,0.0627,0,-0.066,-0.1255,0.9899,0,0.0223,0.9916,0.1272,0,-1.248,31.0275,76.8105,1]},
{"frame":24,"values":[0.9985,0.0028,0.0538,0,-0.0534,-0.0818,0.9952,0,-0.0072,0.9966,0.0815,0,0.0529,32.6353,75.4534,1]},
{"frame":25,"values":[0.9984,0.0469,0.033,0,-0.0316,-0.0299,0.9991,0,-0.0478,0.9985,0.0284,0,1.1473,34.1328,74.4956,1]},
{"frame":26,"values":[0.9928,0.1196,0.0078,0,-0.0113,0.0288,0.9995,0,-0.1193,0.9924,-0.0299,0,1.9131,35.1817,74.3324,1]},
{"frame":27,"values":[0.9788,0.2041,-0.0199,0,-0.0021,0.1069,0.9943,0,-0.205,0.9731,-0.105,0,2.4651,35.8559,75.1452,1]},
{"frame":28,"values":[0.9672,0.2471,-0.0586,0,0.0085,0.1988,0.98,0,-0.2538,0.9484,-0.1902,0,2.9632,36.6991,76.6245,1]},
{"frame":29,"values":[0.9682,0.2321,-0.0934,0,0.0296,0.2644,0.964,0,-0.2484,0.9361,-0.2491,0,3.2491,37.9478,78.1773,1]},
{"frame":30,"values":[0.975,0.1976,-0.1015,0,0.045,0.2718,0.9613,0,-0.2176,0.9418,-0.2561,0,3.2329,39.5443,79.2351,1]},
{"frame":31,"values":[0.9811,0.1709,-0.0903,0,0.0465,0.2447,0.9685,0,-0.1876,0.9544,-0.2321,0,3.1793,41.1327,79.9968,1]},
{"frame":32,"values":[0.9846,0.1545,-0.0823,0,0.0444,0.2342,0.9712,0,-0.1693,0.9598,-0.2237,0,3.4154,42.3472,80.5892,1]},
{"frame":33,"values":[0.9836,0.1592,-0.0843,0,0.041,0.2579,0.9653,0,-0.1754,0.953,-0.2472,0,3.9576,43.071,81.1016,1]},
{"frame":34,"values":[0.9771,0.1945,-0.0864,0,0.0264,0.292,0.9561,0,-0.2112,0.9364,-0.2802,0,4.648,43.383,81.5238,1]},
{"frame":35,"values":[0.9659,0.246,-0.0813,0,0.0002,0.3132,0.9497,0,-0.2591,0.9173,-0.3025,0,5.2344,43.3582,81.8468,1]},
{"frame":36,"values":[0.9571,0.2817,-0.0681,0,-0.0265,0.3192,0.9473,0,-0.2886,0.9048,-0.313,0,5.4414,43.1459,82.0022,1]},
{"frame":37,"values":[0.9596,0.2772,-0.0487,0,-0.0427,0.3142,0.9484,0,-0.2782,0.908,-0.3133,0,5.2307,42.9873,81.9491,1]},
{"frame":38,"values":[0.9709,0.237,-0.0332,0,-0.0414,0.3029,0.9521,0,-0.2357,0.9231,-0.3039,0,4.8939,42.9672,81.7342,1]},
{"frame":39,"values":[0.9797,0.1979,-0.0315,0,-0.0287,0.2942,0.9553,0,-0.1983,0.935,-0.2939,0,4.7877,42.9107,81.4759,1]},
{"frame":40,"values":[0.979,0.2004,-0.0372,0,-0.0236,0.2929,0.9558,0,-0.2024,0.9349,-0.2915,0,5.0433,42.704,81.3351,1]},
{"frame":41,"values":[0.9671,0.2511,-0.0412,0,-0.0351,0.2922,0.9557,0,-0.2521,0.9228,-0.2914,0,5.434,42.4894,81.4216,1]},
{"frame":42,"values":[0.9484,0.3133,-0.0496,0,-0.045,0.2877,0.9567,0,-0.314,0.905,-0.287,0,5.5852,42.4548,81.7216,1]},
{"frame":43,"values":[0.9385,0.3387,-0.0663,0,-0.0364,0.2881,0.9569,0,-0.3432,0.8957,-0.2828,0,5.424,42.6258,82.0032,1]},
{"frame":44,"values":[0.9474,0.3112,-0.0753,0,-0.0172,0.2842,0.9586,0,-0.3197,0.9068,-0.2746,0,5.2327,42.9848,82.0867,1]},
{"frame":45,"values":[0.9629,0.2616,-0.0659,0,-0.0035,0.2564,0.9666,0,-0.2697,0.9305,-0.2478,0,5.1433,43.5443,82.1341,1]},
{"frame":46,"values":[0.9699,0.2381,-0.0504,0,-0.0028,0.218,0.976,0,-0.2434,0.9465,-0.2121,0,4.9717,44.2464,82.4594,1]},
{"frame":47,"values":[0.965,0.2587,-0.0436,0,-0.0086,0.1973,0.9803,0,-0.2622,0.9456,-0.1926,0,4.5986,44.971,83.1559,1]},
{"frame":48,"values":[0.9535,0.2978,-0.0471,0,-0.014,0.1997,0.9798,0,-0.3011,0.9335,-0.1946,0,4.1262,45.5445,83.943,1]},
{"frame":49,"values":[0.9467,0.3179,-0.0518,0,-0.0169,0.2096,0.9776,0,-0.3216,0.9247,-0.2038,0,3.6452,45.814,84.3862,1]},
{"frame":50,"values":[0.9515,0.3032,-0.0522,0,-0.0144,0.2134,0.9769,0,-0.3073,0.9287,-0.2074,0,3.0963,45.8965,84.3351,1]},
{"frame":51,"values":[0.9631,0.265,-0.0462,0,-0.0114,0.212,0.9772,0,-0.2687,0.9407,-0.2072,0,2.1997,46.1463,83.8433,1]},
{"frame":52,"values":[0.9758,0.2176,-0.0219,0,-0.0246,0.2087,0.9777,0,-0.2173,0.9535,-0.209,0,0.8344,46.6776,82.6173,1]},
{"frame":53,"values":[0.9879,0.1547,0.0089,0,-0.0392,0.1937,0.9803,0,-0.1499,0.9688,-0.1974,0,-0.3453,47.4819,81.1633,1]},
{"frame":54,"values":[0.9967,0.0812,-0.002,0,-0.011,0.1595,0.9871,0,-0.0804,0.9838,-0.1599,0,-1.2079,48.7596,80.9582,1]},
{"frame":55,"values":[0.9985,0.0305,-0.0462,0,0.0419,0.1283,0.9908,0,-0.0361,0.9913,-0.1269,0,-2.314,50.4832,81.6417,1]},
{"frame":56,"values":[0.9979,0.0112,-0.0635,0,0.0614,0.1347,0.989,0,-0.0197,0.9908,-0.1337,0,-3.3665,52.0986,82.3094,1]},
{"frame":57,"values":[0.9988,0.002,-0.0493,0,0.0483,0.1654,0.985,0,-0.0101,0.9862,-0.1651,0,-3.6778,53.2074,82.7459,1]},
{"frame":58,"values":[0.9992,0.0018,-0.0397,0,0.0387,0.1906,0.9809,0,-0.0093,0.9817,-0.1904,0,-3.2887,53.8,83.0003,1]},
{"frame":59,"values":[0.9982,0.0342,-0.0485,0,0.0405,0.2048,0.978,0,-0.0434,0.9782,-0.2031,0,-2.6715,54.0529,83.0132,1]},
{"frame":60,"values":[0.9928,0.1027,-0.0612,0,0.0377,0.2168,0.9755,0,-0.1134,0.9708,-0.2114,0,-2.176,54.2049,83.0227,1]},
{"frame":61,"values":[0.9834,0.1693,-0.0653,0,0.0259,0.2249,0.974,0,-0.1796,0.9596,-0.2168,0,-1.9267,54.39,83.1655,1]},
{"frame":62,"values":[0.9795,0.192,-0.0604,0,0.0163,0.2234,0.9746,0,-0.2006,0.9556,-0.2157,0,-1.8453,54.6584,83.4409,1]},
{"frame":63,"values":[0.9841,0.17,-0.0516,0,0.014,0.2155,0.9764,0,-0.1771,0.9616,-0.2097,0,-1.8136,54.9461,83.7595,1]},
{"frame":64,"values":[0.9895,0.1378,-0.0433,0,0.0134,0.211,0.9774,0,-0.1438,0.9677,-0.2069,0,-1.7745,55.119,84.1007,1]},
{"frame":65,"values":[0.9911,0.128,-0.0351,0,0.0068,0.2151,0.9766,0,-0.1326,0.9682,-0.2123,0,-1.6433,55.0875,84.4625,1]},
{"frame":66,"values":[0.9881,0.1513,-0.0278,0,-0.007,0.2248,0.9744,0,-0.1537,0.9626,-0.2232,0,-1.369,54.8957,84.7653,1]},
{"frame":67,"values":[0.9811,0.192,-0.0245,0,-0.0218,0.2357,0.9716,0,-0.1924,0.9527,-0.2354,0,-1.0494,54.6724,84.9143,1]},
{"frame":68,"values":[0.9754,0.2191,-0.023,0,-0.0324,0.2461,0.9687,0,-0.2179,0.9442,-0.2471,0,-0.7872,54.5183,84.9222,1]},
{"frame":69,"values":[0.9772,0.2118,-0.0166,0,-0.0387,0.2544,0.9663,0,-0.2089,0.9436,-0.2568,0,-0.566,54.4486,84.9228,1]},
{"frame":70,"values":[0.9841,0.1776,-0.0048,0,-0.0423,0.2604,0.9646,0,-0.1726,0.949,-0.2638,0,-0.3401,54.4014,85.0122,1]},
{"frame":71,"values":[0.9899,0.1419,0.004,0,-0.0422,0.2674,0.9627,0,-0.1355,0.9531,-0.2706,0,-0.1297,54.2952,85.1691,1]},
{"frame":72,"values":[0.9925,0.1222,0.0039,0,-0.0381,0.2788,0.9596,0,-0.1161,0.9525,-0.2814,0,0.0264,54.095,85.3372,1]},
{"frame":73,"values":[0.9929,0.1186,0.0002,0,-0.0351,0.2925,0.9556,0,-0.1133,0.9489,-0.2946,0,0.1884,53.8487,85.4896,1]},
{"frame":74,"values":[0.9922,0.1245,0.0001,0,-0.0378,0.3009,0.9529,0,-0.1186,0.9455,-0.3033,0,0.488,53.6449,85.6307,1]},
{"frame":75,"values":[0.9909,0.1342,0.0019,0,-0.0424,0.2993,0.9532,0,-0.1274,0.9447,-0.3023,0,0.9848,53.516,85.7916,1]},
{"frame":76,"values":[0.9894,0.1452,0.0017,0,-0.0442,0.2905,0.9559,0,-0.1383,0.9458,-0.2938,0,1.6164,53.4016,86.0208,1]},
{"frame":77,"values":[0.9874,0.1584,-0.0004,0,-0.0453,0.2849,0.9575,0,-0.1518,0.9454,-0.2885,0,2.3057,53.1637,86.3339,1]},
{"frame":78,"values":[0.9842,0.1768,-0.0038,0,-0.0489,0.2931,0.9548,0,-0.1699,0.9396,-0.2971,0,3.0178,52.6367,86.6858,1]},
{"frame":79,"values":[0.9806,0.1957,-0.0092,0,-0.0536,0.3133,0.9481,0,-0.1885,0.9293,-0.3178,0,3.7086,51.718,87.0229,1]},
{"frame":80,"values":[0.9793,0.2018,-0.0139,0,-0.056,0.3366,0.94,0,-0.1943,0.9198,-0.341,0,4.3161,50.4206,87.259,1]},
{"frame":81,"values":[0.982,0.1883,-0.0146,0,-0.0546,0.3569,0.9325,0,-0.1808,0.915,-0.3608,0,4.7464,48.9132,87.2338,1]},
{"frame":82,"values":[0.9862,0.1651,-0.0135,0,-0.0489,0.3677,0.9286,0,-0.1583,0.9152,-0.3707,0,4.8798,47.4549,86.9178,1]},
{"frame":83,"values":[0.9893,0.1449,-0.0141,0,-0.0394,0.3597,0.9322,0,-0.1401,0.9218,-0.3616,0,4.6438,46.167,86.3961,1]},
{"frame":84,"values":[0.9913,0.1304,-0.0165,0,-0.027,0.3251,0.9453,0,-0.1286,0.9366,-0.3259,0,4.0478,44.3061,85.7572,1]},
{"frame":85,"values":[0.993,0.1167,-0.0196,0,-0.012,0.2637,0.9645,0,-0.1177,0.9575,-0.2632,0,3.1928,41.5934,85.03,1]},
{"frame":86,"values":[0.9948,0.1002,-0.0194,0,0.0005,0.1849,0.9828,0,-0.1021,0.9776,-0.1839,0,2.1965,38.7212,84.3568,1]},
{"frame":87,"values":[0.9967,0.0806,-0.0114,0,0.0026,0.1083,0.9941,0,-0.0813,0.9908,-0.1078,0,1.1129,35.8173,83.8859,1]},
{"frame":88,"values":[0.9986,0.0523,0.0024,0,-0.005,0.0499,0.9987,0,-0.0521,0.9974,-0.0501,0,-0.0311,32.9982,83.4459,1]},
{"frame":89,"values":[0.9999,0.0032,0.0165,0,-0.0165,0.0051,0.9999,0,-0.0032,1,-0.0051,0,-1.129,30.311,82.7559,1]},
{"frame":90,"values":[0.9971,-0.0695,0.0294,0,-0.0322,-0.0393,0.9987,0,0.0683,0.9968,0.0414,0,-2.0466,27.7681,81.7474,1]},
{"frame":91,"values":[0.9879,-0.1499,0.0411,0,-0.0539,-0.0822,0.9952,0,0.1458,0.9853,0.0893,0,-2.7178,25.4335,80.6443,1]},
{"frame":92,"values":[0.9754,-0.2136,0.0542,0,-0.0793,-0.1103,0.9907,0,0.2057,0.9707,0.1246,0,-3.1418,23.4414,79.6983,1]},
{"frame":93,"values":[0.9667,-0.2444,0.0759,0,-0.1062,-0.113,0.9879,0,0.2329,0.9631,0.1352,0,-3.3657,21.9019,79.0624,1]},
{"frame":94,"values":[0.9649,-0.2414,0.1033,0,-0.1281,-0.0895,0.9877,0,0.2292,0.9663,0.1172,0,-3.313,20.801,79.3027,1]},
{"frame":95,"values":[0.9677,-0.2217,0.1198,0,-0.1338,-0.0492,0.9898,0,0.2135,0.9739,0.0773,0,-3.0459,19.8908,80.3324,1]},
{"frame":96,"values":[0.9726,-0.2014,0.1161,0,-0.1204,-0.0096,0.9927,0,0.1988,0.9795,0.0336,0,-2.57,19.0892,81.8163,1]},
{"frame":97,"values":[0.9791,-0.1772,0.0996,0,-0.0982,0.0167,0.995,0,0.178,0.984,0.001,0,-1.7886,18.3577,83.3979,1]},
{"frame":98,"values":[0.9865,-0.1435,0.0793,0,-0.0751,0.0343,0.9966,0,0.1457,0.9891,-0.0231,0,-0.7949,17.6672,84.6581,1]},
{"frame":99,"values":[0.9926,-0.1078,0.0564,0,-0.0509,0.0523,0.9973,0,0.1105,0.9928,-0.0464,0,0.3455,17.0116,85.5348,1]},
{"frame":100,"values":[0.996,-0.0829,0.0332,0,-0.0274,0.0697,0.9972,0,0.085,0.9941,-0.0671,0,1.6415,16.3709,85.6745,1]},
{"frame":101,"values":[0.9971,-0.0753,0.0129,0,-0.0067,0.0819,0.9966,0,0.0761,0.9938,-0.0812,0,2.9673,15.6804,85.1997,1]},
{"frame":102,"values":[0.9965,-0.0827,-0.0076,0,0.0152,0.0924,0.9956,0,0.0817,0.9923,-0.0933,0,4.2514,14.924,83.9628,1]},
{"frame":103,"values":[0.9944,-0.1016,-0.0292,0,0.0397,0.1033,0.9939,0,0.098,0.9894,-0.1068,0,5.2596,14.1178,82.1955,1]},
{"frame":104,"values":[0.99,-0.1352,-0.039,0,0.0528,0.1004,0.9935,0,0.1304,0.9857,-0.1065,0,5.6235,13.202,81.1471,1]},
{"frame":105,"values":[0.9823,-0.1843,-0.0333,0,0.0493,0.083,0.9953,0,0.1807,0.9794,-0.0907,0,5.9304,12.092,80.9075,1]},
{"frame":106,"values":[0.9735,-0.2248,-0.041,0,0.0602,0.0792,0.995,0,0.2205,0.9712,-0.0907,0,6.7885,10.8772,80.9839,1]},
{"frame":107,"values":[0.9732,-0.2179,-0.0737,0,0.0951,0.0893,0.9915,0,0.2095,0.9719,-0.1077,0,7.5718,9.7326,81.1545,1]},
{"frame":108,"values":[0.9825,-0.1548,-0.1039,0,0.1183,0.0868,0.9892,0,0.1441,0.9841,-0.1036,0,7.8477,8.5968,81.7261,1]},
{"frame":109,"values":[0.991,-0.0671,-0.1156,0,0.1205,0.0748,0.9899,0,0.0578,0.9949,-0.0822,0,7.9849,7.4522,82.6738,1]},
{"frame":110,"values":[0.9916,0.0004,-0.1291,0,0.1286,0.0851,0.988,0,-0.0114,0.9964,-0.0843,0,8.2248,6.4144,83.5982,1]},
{"frame":111,"values":[0.9881,0.0312,-0.1505,0,0.1462,0.113,0.9828,0,-0.0477,0.9931,-0.1071,0,8.3885,5.4731,84.3734,1]},
{"frame":112,"values":[0.9861,0.0433,-0.1602,0,0.1537,0.126,0.9801,0,-0.0626,0.9911,-0.1176,0,8.3762,4.5236,85.0831,1]},
{"frame":113,"values":[0.987,0.0595,-0.1493,0,0.1411,0.1229,0.9823,0,-0.0768,0.9906,-0.113,0,8.2491,3.5679,85.6903,1]},
{"frame":114,"values":[0.9882,0.0862,-0.1268,0,0.1155,0.1259,0.9853,0,-0.1009,0.9883,-0.1145,0,8.0033,2.6845,86.0098,1]},
{"frame":115,"values":[0.9874,0.1178,-0.106,0,0.0895,0.1372,0.9865,0,-0.1307,0.9835,-0.1249,0,7.5582,1.8838,85.922,1]},
{"frame":116,"values":[0.9848,0.1465,-0.0933,0,0.0725,0.1415,0.9873,0,-0.1578,0.979,-0.1288,0,6.8977,1.116,85.6558,1]},
{"frame":117,"values":[0.9827,0.1669,-0.0799,0,0.0571,0.1368,0.9889,0,-0.176,0.9764,-0.1249,0,6.0686,0.4225,85.5083,1]},
{"frame":118,"values":[0.9819,0.1808,-0.0565,0,0.0315,0.1383,0.9899,0,-0.1868,0.9738,-0.1301,0,5.2764,-0.2013,85.2733,1]},
{"frame":119,"values":[0.9787,0.1997,-0.0479,0,0.0173,0.1521,0.9882,0,-0.2046,0.968,-0.1454,0,4.6727,-0.7369,85.1304,1]},
{"frame":120,"values":[0.9696,0.2341,-0.0709,0,0.0327,0.163,0.9861,0,-0.2424,0.9585,-0.1503,0,3.95,-1.2391,85.3941,1]},
{"frame":121,"values":[0.957,0.2763,-0.0888,0,0.0432,0.167,0.985,0,-0.287,0.9464,-0.1479,0,3.0779,-1.719,86.1408,1]},
{"frame":122,"values":[0.9491,0.3055,-0.0772,0,0.0242,0.1734,0.9846,0,-0.3142,0.9363,-0.1572,0,2.2941,-2.1464,86.7415,1]},
{"frame":123,"values":[0.9477,0.3132,-0.0612,0,0.0018,0.1867,0.9824,0,-0.3192,0.9311,-0.1764,0,1.782,-2.1607,87.0641,1]},
{"frame":124,"values":[0.9483,0.3115,-0.0606,0,-0.0027,0.1989,0.98,0,-0.3173,0.9292,-0.1895,0,1.415,-2.1401,87.3325,1]},
{"frame":125,"values":[0.9475,0.3133,-0.0647,0,-0.0002,0.2029,0.9792,0,-0.3199,0.9277,-0.1924,0,1.034,-2.0989,87.5838,1]},
{"frame":126,"values":[0.9458,0.3189,-0.0619,0,-0.004,0.2022,0.9793,0,-0.3248,0.926,-0.1925,0,0.6581,-2.1633,87.7381,1]},
{"frame":141,"values":[0.9458,0.3189,-0.0619,0,-0.004,0.2022,0.9793,0,-0.3248,0.926,-0.1925,0,0.6581,-2.1633,87.7381,1]},
{"frame":142,"values":[0.958,0.2836,-0.0428,0,0.0112,0.1122,0.9936,0,-0.2865,0.9524,-0.1043,0,0.3711,-0.5289,88.0398,1]},
{"frame":143,"values":[0.9752,0.2211,-0.0111,0,0.0223,-0.0481,0.9986,0,-0.2203,0.9741,0.0519,0,0.0548,2.1644,88.6142,1]},
{"frame":144,"values":[0.9909,0.1345,0.0104,0,0.0175,-0.2045,0.9787,0,-0.1338,0.9696,0.205,0,-0.17,5.0264,89.1195,1]},
{"frame":145,"values":[0.9986,0.0527,0.0068,0,0.0098,-0.3074,0.9515,0,-0.0522,0.9501,0.3075,0,-0.3947,7.466,89.3832,1]},
{"frame":146,"values":[0.9999,-0.0097,-0.0037,0,-0.0001,-0.3684,0.9297,0,0.0103,0.9296,0.3684,0,-0.6179,9.5,89.5292,1]},
{"frame":147,"values":[0.9979,-0.0643,-0.0085,0,-0.0184,-0.4069,0.9133,0,0.0622,0.9112,0.4072,0,-0.7328,11.1274,89.6523,1]},
{"frame":148,"values":[0.9924,-0.122,-0.0184,0,-0.0366,-0.4333,0.9005,0,0.1178,0.893,0.4344,0,-0.8436,12.1837,89.618,1]},
{"frame":149,"values":[0.9821,-0.1836,-0.0415,0,-0.0471,-0.4529,0.8903,0,0.1823,0.8724,0.4535,0,-1.0736,12.5981,89.2433,1]},
{"frame":150,"values":[0.9654,-0.2503,-0.0737,0,-0.0556,-0.4733,0.8791,0,0.2549,0.8446,0.4708,0,-1.3799,12.4766,88.4976,1]},
{"frame":151,"values":[0.9432,-0.315,-0.1055,0,-0.0688,-0.4959,0.8657,0,0.325,0.8093,0.4894,0,-1.7145,11.9127,87.4591,1]},
{"frame":152,"values":[0.9257,-0.3591,-0.1191,0,-0.0878,-0.5101,0.8556,0,0.368,0.7816,0.5037,0,-2.0142,10.9311,86.2278,1]},
{"frame":153,"values":[0.9207,-0.3765,-0.1027,0,-0.1135,-0.5101,0.8526,0,0.3734,0.7733,0.5123,0,-2.0789,9.3832,84.6034,1]},
{"frame":154,"values":[0.9275,-0.3682,-0.0646,0,-0.1421,-0.5071,0.8501,0,0.3458,0.7792,0.5227,0,-1.7598,7.1693,82.9804,1]},
{"frame":155,"values":[0.9365,-0.3497,-0.0259,0,-0.1651,-0.505,0.8472,0,0.3093,0.7891,0.5307,0,-1.2459,4.4429,81.7208,1]},
{"frame":156,"values":[0.9408,-0.3391,0.0008,0,-0.1792,-0.495,0.8502,0,0.2879,0.8,0.5264,0,-0.7432,1.3268,80.7978,1]},
{"frame":157,"values":[0.9429,-0.3326,0.02,0,-0.1868,-0.4782,0.8582,0,0.2758,0.8129,0.513,0,-0.2398,-2.1471,80.0023,1]},
{"frame":158,"values":[0.947,-0.319,0.0375,0,-0.1905,-0.4637,0.8653,0,0.2586,0.8265,0.4999,0,0.3113,-5.9935,79.2469,1]},
{"frame":159,"values":[0.955,-0.2917,0.0544,0,-0.1876,-0.4514,0.8724,0,0.2299,0.8433,0.4858,0,0.7779,-10.1408,78.4481,1]},
{"frame":160,"values":[0.9622,-0.2623,0.0738,0,-0.1867,-0.4374,0.8797,0,0.1985,0.8602,0.4698,0,1.014,-14.2271,77.5766,1]},
{"frame":161,"values":[0.9656,-0.2417,0.0964,0,-0.1947,-0.4253,0.8838,0,0.1726,0.8722,0.4577,0,1.0533,-17.8866,76.6613,1]},
{"frame":162,"values":[0.9682,-0.225,0.1095,0,-0.1971,-0.4161,0.8877,0,0.1542,0.881,0.4472,0,0.986,-21.1478,75.84,1]},
{"frame":163,"values":[0.9742,-0.2033,0.0979,0,-0.1746,-0.4044,0.8978,0,0.1429,0.8917,0.4295,0,0.9463,-24.152,75.102,1]},
{"frame":164,"values":[0.9832,-0.173,0.0579,0,-0.1222,-0.3895,0.9129,0,0.1354,0.9046,0.4041,0,0.8933,-27.2277,74.3171,1]},
{"frame":165,"values":[0.988,-0.1541,0.0003,0,-0.058,-0.3699,0.9273,0,0.1428,0.9162,0.3744,0,0.6987,-30.9669,73.5064,1]},
{"frame":166,"values":[0.9823,-0.1787,-0.0556,0,-0.0063,-0.3282,0.9446,0,0.1871,0.9275,0.3235,0,0.4634,-35.6131,72.9351,1]},
{"frame":167,"values":[0.9699,-0.2222,-0.0994,0,0.0352,-0.2759,0.9605,0,0.2409,0.9351,0.2598,0,0.0144,-41.3562,72.3581,1]},
{"frame":168,"values":[0.9703,-0.2077,-0.1239,0,0.0672,-0.2606,0.9631,0,0.2323,0.9428,0.2389,0,-0.9003,-46.9715,72.682,1]},
{"frame":169,"values":[0.9844,-0.1217,-0.1269,0,0.0914,-0.2623,0.9606,0,0.1502,0.9573,0.2471,0,-1.3874,-51.7132,73.8131,1]},
{"frame":170,"values":[0.9926,-0.0156,-0.1205,0,0.1131,-0.2445,0.963,0,0.0445,0.9695,0.2409,0,-1.3553,-55.5895,74.9244,1]},
{"frame":171,"values":[0.9907,0.0703,-0.1161,0,0.1294,-0.233,0.9638,0,-0.0408,0.9699,0.24,0,-1.2097,-58.6611,75.3358,1]},
{"frame":172,"values":[0.9862,0.127,-0.1064,0,0.1355,-0.2492,0.9589,0,-0.0952,0.9601,0.2629,0,-1.3061,-60.9016,75.3668,1]},
{"frame":173,"values":[0.982,0.1642,-0.0928,0,0.1366,-0.28,0.9502,0,-0.1301,0.9458,0.2974,0,-1.6188,-62.5157,75.2666,1]},
{"frame":174,"values":[0.9775,0.1933,-0.0843,0,0.1428,-0.3124,0.9392,0,-0.1552,0.9301,0.333,0,-1.9678,-63.655,74.8415,1]},
{"frame":175,"values":[0.9737,0.2144,-0.0767,0,0.1483,-0.3411,0.9283,0,-0.1729,0.9153,0.3639,0,-2.2826,-64.3117,74.2926,1]},
{"frame":176,"values":[0.9721,0.2298,-0.0473,0,0.1299,-0.3594,0.9241,0,-0.1954,0.9044,0.3792,0,-2.7272,-64.348,73.6582,1]},
{"frame":177,"values":[0.9658,0.2592,0.0036,0,0.0984,-0.3793,0.92,0,-0.2399,0.8882,0.3919,0,-3.3674,-64.5511,72.483,1]},
{"frame":178,"values":[0.9531,0.3018,0.0219,0,0.1168,-0.4338,0.8934,0,-0.2792,0.8489,0.4487,0,-3.2074,-65.16,72.2845,1]},
{"frame":179,"values":[0.949,0.3152,-0.0013,0,0.1712,-0.5122,0.8417,0,-0.2646,0.799,0.54,0,-3.1166,-65.2685,72.2783,1]},
{"frame":180,"values":[0.9592,0.2821,-0.0176,0,0.1826,-0.571,0.8004,0,-0.2157,0.771,0.5992,0,-3.1293,-65.1286,72.4608,1]},
{"frame":181,"values":[0.9703,0.2417,-0.0036,0,0.1503,-0.5916,0.7921,0,-0.1893,0.7691,0.6104,0,-3.3006,-65.1313,71.9604,1]},
{"frame":182,"values":[0.972,0.2344,0.0188,0,0.1341,-0.6181,0.7745,0,-0.1931,0.7503,0.6322,0,-3.296,-65.4193,71.2616,1]},
{"frame":183,"values":[0.9664,0.2546,0.0362,0,0.1493,-0.6703,0.7269,0,-0.2094,0.6971,0.6857,0,-3.2177,-65.9658,70.3678,1]},
{"frame":184,"values":[0.9618,0.2672,0.0595,0,0.1576,-0.7181,0.6778,0,-0.2239,0.6426,0.7328,0,-3.233,-66.8007,69.1043,1]},
{"frame":185,"values":[0.9615,0.2612,0.0859,0,0.1481,-0.7552,0.6386,0,-0.2317,0.6012,0.7648,0,-3.4544,-67.9117,67.2957,1]},
{"frame":186,"values":[0.9602,0.2559,0.1119,0,0.1427,-0.7939,0.591,0,-0.2401,0.5515,0.7989,0,-3.8044,-69.3169,64.9086,1]},
{"frame":187,"values":[0.9533,0.2665,0.1418,0,0.1525,-0.8306,0.5355,0,-0.2605,0.4889,0.8325,0,-4.2221,-71.069,61.8269,1]},
{"frame":188,"values":[0.9397,0.2899,0.1817,0,0.1716,-0.8587,0.4829,0,-0.296,0.4225,0.8566,0,-4.7524,-73.1116,57.9435,1]},
{"frame":189,"values":[0.9192,0.3185,0.2316,0,0.1945,-0.8785,0.4363,0,-0.3424,0.356,0.8695,0,-5.4669,-75.3503,53.2691,1]},
{"frame":190,"values":[0.895,0.3455,0.2821,0,0.2207,-0.8927,0.3929,0,-0.3876,0.2894,0.8752,0,-6.3726,-77.7609,47.8122,1]},
{"frame":191,"values":[0.8692,0.3707,0.3271,0,0.2551,-0.9031,0.3456,0,-0.4235,0.2169,0.8795,0,-7.3756,-80.3278,41.6011,1]},
{"frame":192,"values":[0.8459,0.3925,0.361,0,0.2994,-0.9097,0.2877,0,-0.4413,0.1353,0.8871,0,-8.3618,-82.8723,34.5677,1]},
{"frame":193,"values":[0.8264,0.406,0.3902,0,0.3446,-0.9127,0.2197,0,-0.4453,0.0471,0.8941,0,-9.4616,-85.2026,26.3782,1]},
{"frame":194,"values":[0.8049,0.3988,0.4394,0,0.3807,-0.9151,0.133,0,-0.4551,-0.0603,0.8884,0,-10.6906,-87.4138,17.3602,1]},
{"frame":195,"values":[0.7948,0.3623,0.4868,0,0.4087,-0.9126,0.0118,0,-0.4485,-0.1896,0.8735,0,-11.6417,-89.0937,10.9528,1]},
{"frame":196,"values":[0.8078,0.3417,0.4803,0,0.4297,-0.8991,-0.0832,0,-0.4034,-0.2736,0.8731,0,-12.2885,-90.4055,10.8449,1]},
{"frame":197,"values":[0.8024,0.3549,0.4799,0,0.4499,-0.8879,-0.0956,0,-0.3921,-0.2926,0.8721,0,-13.7061,-92.0455,13.9666,1]},
{"frame":198,"values":[0.7498,0.3447,0.5647,0,0.4693,-0.8788,-0.0866,0,-0.4664,-0.33,0.8207,0,-15.1173,-94.1602,16.4032,1]},
{"frame":199,"values":[0.6818,0.3149,0.6603,0,0.4925,-0.865,-0.096,0,-0.5409,-0.3907,0.7448,0,-15.4435,-96.3767,18.292,1]},
{"frame":200,"values":[0.645,0.3102,0.6984,0,0.5109,-0.8547,-0.0922,0,-0.5683,-0.4163,0.7097,0,-15.3267,-98.2989,19.8158,1]},
{"frame":201,"values":[0.6372,0.3312,0.6959,0,0.5208,-0.8506,-0.072,0,-0.5682,-0.4083,0.7145,0,-15.382,-99.4532,20.2797,1]},
{"frame":202,"values":[0.6477,0.3594,0.6717,0,0.5382,-0.84,-0.0694,0,-0.5393,-0.4065,0.7375,0,-15.673,-100.0324,19.986,1]},
{"frame":203,"values":[0.6685,0.3795,0.6396,0,0.555,-0.8271,-0.0894,0,-0.4951,-0.4147,0.7635,0,-15.6682,-100.4438,19.3184,1]},
{"frame":204,"values":[0.6886,0.3915,0.6104,0,0.5659,-0.8164,-0.1148,0,-0.4534,-0.4245,0.7837,0,-15.4438,-100.4482,18.2706,1]},
{"frame":205,"values":[0.7096,0.4104,0.5727,0,0.5745,-0.8076,-0.1332,0,-0.4079,-0.4235,0.8089,0,-15.1936,-100.0379,17.0684,1]},
{"frame":206,"values":[0.7282,0.4418,0.5239,0,0.5829,-0.8013,-0.1346,0,-0.3604,-0.4034,0.8411,0,-14.9226,-99.4391,16.1372,1]},
{"frame":207,"values":[0.7331,0.4764,0.4853,0,0.5948,-0.7952,-0.118,0,-0.3297,-0.3752,0.8663,0,-14.6566,-98.8548,15.7511,1]},
{"frame":208,"values":[0.7271,0.5042,0.4659,0,0.6076,-0.7885,-0.095,0,-0.3195,-0.3522,0.8797,0,-14.3464,-98.4081,15.7721,1]},
{"frame":209,"values":[0.7171,0.5222,0.4616,0,0.6181,-0.7826,-0.0749,0,-0.3221,-0.339,0.8839,0,-14.1727,-97.9287,15.8927,1]},
{"frame":210,"values":[0.7033,0.5345,0.4687,0,0.6274,-0.7767,-0.0556,0,-0.3343,-0.3332,0.8816,0,-14.2529,-97.5216,16.0687,1]},
{"frame":211,"values":[0.6855,0.5452,0.4826,0,0.6362,-0.7708,-0.0328,0,-0.3541,-0.3295,0.8752,0,-14.5232,-97.3616,16.2741,1]},
{"frame":212,"values":[0.6669,0.5547,0.4975,0,0.6429,-0.7659,-0.0079,0,-0.3766,-0.3252,0.8674,0,-14.813,-97.2885,16.3931,1]},
{"frame":213,"values":[0.6507,0.5623,0.5103,0,0.6482,-0.7614,0.0124,0,-0.3955,-0.3227,0.8599,0,-15.068,-97.262,16.4144,1]},
{"frame":214,"values":[0.6375,0.5668,0.5218,0,0.6536,-0.7565,0.0232,0,-0.4079,-0.3263,0.8527,0,-15.402,-97.31,16.3844,1]},
{"frame":215,"values":[0.6276,0.5676,0.5329,0,0.6584,-0.7522,0.0258,0,-0.4155,-0.3347,0.8458,0,-15.7798,-97.4069,16.3325,1]},
{"frame":216,"values":[0.6217,0.5651,0.5424,0,0.661,-0.75,0.0239,0,-0.4203,-0.3437,0.8398,0,-16.0809,-97.5362,16.2855,1]},
{"frame":217,"values":[0.6203,0.5604,0.5488,0,0.6613,-0.7499,0.0182,0,-0.4217,-0.3516,0.8358,0,-16.2373,-97.6786,16.2705,1]},
{"frame":218,"values":[0.6236,0.5546,0.551,0,0.6601,-0.7511,0.0089,0,-0.4188,-0.3581,0.8345,0,-16.2438,-97.7942,16.2936,1]},
{"frame":219,"values":[0.63,0.5493,0.549,0,0.6579,-0.7531,-0.0015,0,-0.4126,-0.3621,0.8358,0,-16.1019,-97.8621,16.3229,1]},
{"frame":220,"values":[0.6377,0.5456,0.5438,0,0.6554,-0.7552,-0.0107,0,-0.4048,-0.3632,0.8392,0,-15.8093,-97.885,16.3119,1]},
{"frame":221,"values":[0.6464,0.5434,0.5357,0,0.6524,-0.7577,-0.0186,0,-0.3958,-0.3615,0.8442,0,-15.4339,-97.8633,16.2445,1]},
{"frame":222,"values":[0.6562,0.542,0.525,0,0.6488,-0.7605,-0.0259,0,-0.3852,-0.3576,0.8507,0,-15.1116,-97.7964,16.1492,1]},
{"frame":223,"values":[0.6654,0.5417,0.5136,0,0.646,-0.7626,-0.0325,0,-0.374,-0.3534,0.8574,0,-14.8806,-97.7079,16.0711,1]},
{"frame":224,"values":[0.6721,0.5426,0.5039,0,0.6445,-0.7637,-0.0374,0,-0.3645,-0.3499,0.8629,0,-14.687,-97.6302,16.037,1]},
{"frame":225,"values":[0.6756,0.5438,0.4979,0,0.6441,-0.7639,-0.0396,0,-0.3589,-0.3474,0.8663,0,-14.5476,-97.5775,16.0301,1]},
{"frame":226,"values":[0.6756,0.5449,0.4966,0,0.6444,-0.7637,-0.0387,0,-0.3582,-0.3462,0.8671,0,-14.4984,-97.5571,16.0326,1]},
{"frame":227,"values":[0.6724,0.5461,0.4997,0,0.6457,-0.7627,-0.0353,0,-0.3618,-0.3464,0.8655,0,-14.5349,-97.5735,16.0365,1]},
{"frame":228,"values":[0.6669,0.5474,0.5055,0,0.6479,-0.7611,-0.0305,0,-0.3681,-0.3479,0.8623,0,-14.6354,-97.6224,16.0394,1]},
{"frame":229,"values":[0.6604,0.5489,0.5124,0,0.6504,-0.7592,-0.025,0,-0.3753,-0.3498,0.8584,0,-14.7763,-97.6876,16.0418,1]},
{"frame":230,"values":[0.6539,0.5504,0.5192,0,0.6527,-0.7573,-0.0193,0,-0.3826,-0.3515,0.8544,0,-14.9315,-97.7533,16.0426,1]},
{"frame":241,"values":[0.9782,0.2025,-0.0472,0,0.0132,0.1661,0.986,0,-0.2075,0.9651,-0.1598,0,0.033,-1.9622,84.347,1]},
{"frame":242,"values":[0.9791,0.1987,-0.0439,0,0.0094,0.1716,0.9851,0,-0.2033,0.9649,-0.1662,0,-0.101,-1.8647,84.4368,1]},
{"frame":243,"values":[0.9797,0.1958,-0.042,0,0.0068,0.1773,0.9841,0,-0.2002,0.9645,-0.1724,0,-0.2194,-1.7763,84.5119,1]},
{"frame":244,"values":[0.9795,0.1969,-0.0417,0,0.0053,0.182,0.9833,0,-0.2012,0.9634,-0.1773,0,-0.2622,-1.6834,84.5635,1]},
{"frame":245,"values":[0.9778,0.2051,-0.042,0,0.0036,0.1842,0.9829,0,-0.2094,0.9612,-0.1794,0,-0.1554,-1.5558,84.5924,1]},
{"frame":246,"values":[0.9747,0.2195,-0.0412,0,0.0004,0.183,0.9831,0,-0.2233,0.9583,-0.1783,0,0.1153,-1.376,84.6057,1]},
{"frame":247,"values":[0.9714,0.2342,-0.039,0,-0.0038,0.1795,0.9837,0,-0.2374,0.9555,-0.1753,0,0.4913,-1.1545,84.6056,1]},
{"frame":248,"values":[0.9693,0.2432,-0.0366,0,-0.007,0.1758,0.9844,0,-0.2458,0.9539,-0.1721,0,0.8974,-0.9143,84.5867,1]},
{"frame":249,"values":[0.969,0.2447,-0.0352,0,-0.0079,0.1731,0.9849,0,-0.247,0.954,-0.1697,0,1.2919,-0.6696,84.5461,1]},
{"frame":250,"values":[0.9698,0.2413,-0.0353,0,-0.0069,0.1718,0.9851,0,-0.2438,0.9551,-0.1683,0,1.6704,-0.4211,84.4895,1]},
{"frame":251,"values":[0.9707,0.2374,-0.0364,0,-0.005,0.1714,0.9852,0,-0.2401,0.9562,-0.1676,0,2.0479,-0.1629,84.4296,1]},
{"frame":252,"values":[0.971,0.2363,-0.0374,0,-0.0037,0.1713,0.9852,0,-0.2392,0.9565,-0.1672,0,2.44,0.1091,84.3793,1]},
{"frame":253,"values":[0.9704,0.2385,-0.038,0,-0.0035,0.1709,0.9853,0,-0.2414,0.956,-0.1667,0,2.8499,0.3905,84.3447,1]},
{"frame":254,"values":[0.9694,0.2425,-0.0379,0,-0.0041,0.1704,0.9854,0,-0.2454,0.9551,-0.1661,0,3.261,0.6686,84.3235,1]},
{"frame":255,"values":[0.9685,0.2459,-0.0379,0,-0.0046,0.1699,0.9855,0,-0.2488,0.9543,-0.1657,0,3.6377,0.9259,84.3109,1]},
{"frame":256,"values":[0.9685,0.2461,-0.0386,0,-0.004,0.1701,0.9854,0,-0.2491,0.9542,-0.1657,0,3.9374,1.1464,84.3028,1]},
{"frame":257,"values":[0.9695,0.2415,-0.0408,0,-0.0013,0.1716,0.9852,0,-0.245,0.9551,-0.1666,0,4.1299,1.3213,84.2976,1]},
{"frame":258,"values":[0.9715,0.2328,-0.0445,0,0.0033,0.1743,0.9847,0,-0.2369,0.9568,-0.1686,0,4.214,1.4485,84.2939,1]},
{"frame":259,"values":[0.9736,0.2229,-0.0486,0,0.0085,0.1775,0.9841,0,-0.2279,0.9586,-0.1709,0,4.2191,1.5308,84.2882,1]},
{"frame":260,"values":[0.975,0.2162,-0.0518,0,0.0123,0.1798,0.9836,0,-0.222,0.9596,-0.1726,0,4.1879,1.5712,84.2761,1]},
{"frame":261,"values":[0.975,0.2161,-0.0528,0,0.0133,0.1803,0.9835,0,-0.222,0.9596,-0.1729,0,4.1487,1.5697,84.2558,1]},
{"frame":262,"values":[0.9737,0.222,-0.0518,0,0.0115,0.1791,0.9838,0,-0.2276,0.9585,-0.1718,0,4.0938,1.521,84.2353,1]},
{"frame":263,"values":[0.9719,0.2301,-0.0497,0,0.0083,0.1774,0.9841,0,-0.2353,0.9568,-0.1705,0,3.9829,1.4154,84.2303,1]},
{"frame":264,"values":[0.9707,0.2357,-0.0477,0,0.0054,0.1768,0.9842,0,-0.2404,0.9556,-0.1703,0,3.7676,1.243,84.2558,1]},
{"frame":265,"values":[0.9708,0.2353,-0.0463,0,0.0038,0.1783,0.984,0,-0.2398,0.9554,-0.1722,0,3.419,1.0007,84.3167,1]},
{"frame":266,"values":[0.9723,0.2292,-0.0455,0,0.0032,0.1815,0.9834,0,-0.2336,0.9563,-0.1757,0,2.9387,0.6994,84.4021,1]},
{"frame":267,"values":[0.9744,0.2205,-0.0446,0,0.0032,0.1849,0.9827,0,-0.2249,0.9577,-0.1795,0,2.3516,0.3655,84.4903,1]},
{"frame":268,"values":[0.9762,0.2126,-0.0435,0,0.0031,0.1868,0.9824,0,-0.2169,0.9591,-0.1817,0,1.6874,0.0343,84.56,1]},
{"frame":269,"values":[0.9774,0.2071,-0.042,0,0.0027,0.1862,0.9825,0,-0.2113,0.9604,-0.1814,0,0.9705,-0.2656,84.6013,1]},
{"frame":270,"values":[0.9783,0.2035,-0.0402,0,0.0023,0.183,0.9831,0,-0.2074,0.9618,-0.1785,0,0.2202,-0.5273,84.6153,1]},
{"frame":271,"values":[0.9791,0.1996,-0.0381,0,0.0019,0.1784,0.984,0,-0.2032,0.9635,-0.1742,0,-0.5433,-0.767,84.6101,1]},
{"frame":272,"values":[0.9803,0.1942,-0.0359,0,0.0016,0.1738,0.9848,0,-0.1975,0.9654,-0.1701,0,-1.2948,-1.0081,84.5969,1]},
{"frame":273,"values":[0.9818,0.1872,-0.0336,0,0.0013,0.1704,0.9854,0,-0.1902,0.9674,-0.167,0,-2.0077,-1.2611,84.5816,1]},
{"frame":274,"values":[0.9833,0.1795,-0.0314,0,0.0008,0.1683,0.9857,0,-0.1822,0.9693,-0.1653,0,-2.6576,-1.5158,84.5662,1]},
{"frame":275,"values":[0.9846,0.1723,-0.0294,0,0.0002,0.167,0.9859,0,-0.1748,0.9708,-0.1644,0,-3.2237,-1.7532,84.5484,1]},
{"frame":276,"values":[0.9856,0.1669,-0.0276,0,-0.0006,0.1662,0.9861,0,-0.1692,0.9719,-0.1639,0,-3.6854,-1.959,84.524,1]},
{"frame":277,"values":[0.9859,0.1652,-0.0258,0,-0.0019,0.1655,0.9862,0,-0.1672,0.9723,-0.1634,0,-4.0215,-2.1269,84.4875,1]},
{"frame":278,"values":[0.9853,0.1693,-0.0238,0,-0.0045,0.1647,0.9863,0,-0.171,0.9717,-0.1631,0,-4.2142,-2.2499,84.4374,1]},
{"frame":279,"values":[0.9833,0.181,-0.0214,0,-0.0087,0.1638,0.9865,0,-0.182,0.9698,-0.1626,0,-4.2597,-2.3145,84.3798,1]},
{"frame":280,"values":[0.9798,0.199,-0.0186,0,-0.0142,0.1623,0.9866,0,-0.1994,0.9665,-0.1618,0,-4.1753,-2.3071,84.3263,1]},
{"frame":281,"values":[0.9756,0.2192,-0.0163,0,-0.0195,0.1603,0.9869,0,-0.2189,0.9624,-0.1606,0,-3.9957,-2.2269,84.2863,1]},
{"frame":282,"values":[0.972,0.2347,-0.0152,0,-0.0228,0.1584,0.9871,0,-0.234,0.9591,-0.1593,0,-3.7599,-2.0911,84.2609,1]},
{"frame":283,"values":[0.9707,0.2399,-0.0159,0,-0.0229,0.1577,0.9872,0,-0.2394,0.9579,-0.1586,0,-3.4957,-1.9253,84.2456,1]},
{"frame":284,"values":[0.9722,0.2335,-0.018,0,-0.0199,0.1588,0.9871,0,-0.2333,0.9593,-0.1591,0,-3.2103,-1.7471,84.2386,1]},
{"frame":285,"values":[0.9755,0.2188,-0.0208,0,-0.0152,0.1616,0.9867,0,-0.2193,0.9623,-0.161,0,-2.8916,-1.5582,84.2453,1]},
{"frame":286,"values":[0.979,0.2024,-0.0235,0,-0.0105,0.1653,0.9862,0,-0.2034,0.9653,-0.1639,0,-2.5197,-1.3491,84.2725,1]},
{"frame":287,"values":[0.9814,0.19,-0.0258,0,-0.0068,0.1689,0.9856,0,-0.1916,0.9671,-0.1671,0,-2.0797,-1.1085,84.3197,1]},
{"frame":288,"values":[0.9824,0.1845,-0.0283,0,-0.0039,0.1718,0.9851,0,-0.1866,0.9677,-0.1695,0,-1.5718,-0.8303,84.3766,1]},
{"frame":289,"values":[0.9822,0.1852,-0.0312,0,-0.0014,0.1735,0.9848,0,-0.1878,0.9673,-0.1707,0,-1.0109,-0.5135,84.4299,1]},
{"frame":290,"values":[0.9812,0.1897,-0.0347,0,0.0012,0.1741,0.9847,0,-0.1929,0.9663,-0.1706,0,-0.4174,-0.1614,84.4709,1]},
{"frame":291,"values":[0.98,0.1952,-0.0384,0,0.004,0.1737,0.9848,0,-0.1989,0.9653,-0.1695,0,0.1926,0.218,84.4969,1]},
{"frame":292,"values":[0.9789,0.1998,-0.0419,0,0.0068,0.1732,0.9849,0,-0.2041,0.9644,-0.1682,0,0.8118,0.6116,84.5077,1]},
{"frame":293,"values":[0.9782,0.2029,-0.0451,0,0.0094,0.1732,0.9848,0,-0.2076,0.9638,-0.1675,0,1.4388,1.0042,84.5061,1]},
{"frame":294,"values":[0.9777,0.2047,-0.0478,0,0.0117,0.1741,0.9847,0,-0.2099,0.9632,-0.1678,0,2.0696,1.3818,84.4943,1]},
{"frame":295,"values":[0.9773,0.2059,-0.0502,0,0.0135,0.1757,0.9844,0,-0.2115,0.9627,-0.1689,0,2.6932,1.7344,84.4748,1]},
{"frame":296,"values":[0.9769,0.2074,-0.0522,0,0.0149,0.1774,0.984,0,-0.2133,0.962,-0.1702,0,3.2915,2.0531,84.4546,1]},
{"frame":297,"values":[0.9764,0.2092,-0.0539,0,0.016,0.179,0.9837,0,-0.2155,0.9613,-0.1714,0,3.844,2.3291,84.4414,1]},
{"frame":298,"values":[0.9759,0.2111,-0.0556,0,0.017,0.1805,0.9834,0,-0.2177,0.9607,-0.1725,0,4.3306,2.5547,84.4443,1]},
{"frame":299,"values":[0.9755,0.2124,-0.0573,0,0.0181,0.1822,0.9831,0,-0.2193,0.96,-0.1739,0,4.7328,2.7244,84.4703,1]},
{"frame":300,"values":[0.9753,0.2128,-0.0591,0,0.0192,0.1846,0.9826,0,-0.22,0.9595,-0.176,0,5.034,2.8362,84.5215,1]},
{"frame":301,"values":[0.9753,0.2123,-0.0607,0,0.0203,0.1876,0.982,0,-0.2198,0.959,-0.1786,0,5.2223,2.8914,84.5932,1]},
{"frame":302,"values":[0.9754,0.2114,-0.0622,0,0.0213,0.1905,0.9815,0,-0.2193,0.9587,-0.1813,0,5.2933,2.893,84.6746,1]},
{"frame":303,"values":[0.9755,0.2105,-0.0634,0,0.0221,0.1929,0.981,0,-0.2187,0.9584,-0.1836,0,5.253,2.8451,84.7543,1]},
{"frame":304,"values":[0.9757,0.2098,-0.064,0,0.0225,0.1945,0.9806,0,-0.2182,0.9582,-0.1851,0,5.1154,2.7526,84.8236,1]},
{"frame":305,"values":[0.9758,0.2092,-0.0639,0,0.0223,0.1956,0.9804,0,-0.2176,0.9581,-0.1862,0,4.898,2.6206,84.8773,1]},
{"frame":306,"values":[0.9759,0.2088,-0.0633,0,0.0215,0.1965,0.9803,0,-0.2171,0.958,-0.1873,0,4.6151,2.4546,84.9122,1]},
{"frame":307,"values":[0.9761,0.2084,-0.0623,0,0.0203,0.1976,0.9801,0,-0.2166,0.9579,-0.1886,0,4.2756,2.2605,84.9274,1]},
{"frame":308,"values":[0.9762,0.2081,-0.061,0,0.0189,0.1985,0.9799,0,-0.216,0.9578,-0.1898,0,3.8858,2.0463,84.9233,1]},
{"frame":309,"values":[0.9764,0.2077,-0.0592,0,0.0172,0.1983,0.98,0,-0.2153,0.9579,-0.19,0,3.4541,1.8213,84.9023,1]},
{"frame":310,"values":[0.9767,0.2071,-0.0565,0,0.0151,0.1961,0.9805,0,-0.2142,0.9585,-0.1884,0,2.9942,1.5932,84.8659,1]},
{"frame":311,"values":[0.977,0.2064,-0.0529,0,0.0126,0.1918,0.9813,0,-0.2127,0.9595,-0.1848,0,2.5221,1.3646,84.8154,1]},
{"frame":312,"values":[0.9775,0.2055,-0.0486,0,0.0098,0.1859,0.9825,0,-0.2109,0.9608,-0.1797,0,2.0511,1.1314,84.7542,1]},
{"frame":313,"values":[0.9778,0.2048,-0.0444,0,0.0071,0.1791,0.9838,0,-0.2094,0.9623,-0.1737,0,1.5889,0.8874,84.6878,1]},
{"frame":314,"values":[0.978,0.2047,-0.0405,0,0.0047,0.1725,0.985,0,-0.2087,0.9635,-0.1677,0,1.139,0.6309,84.6252,1]},
{"frame":315,"values":[0.9778,0.2061,-0.0373,0,0.0025,0.1665,0.986,0,-0.2094,0.9643,-0.1623,0,0.706,0.3692,84.5725,1]},
{"frame":316,"values":[0.9772,0.2094,-0.0349,0,0.0006,0.1617,0.9868,0,-0.2122,0.9644,-0.1579,0,0.2992,0.1165,84.5283,1]},
{"frame":317,"values":[0.9762,0.2145,-0.0334,0,-0.001,0.1583,0.9874,0,-0.2171,0.9638,-0.1547,0,-0.0698,-0.1173,84.49,1]},
{"frame":318,"values":[0.9748,0.2204,-0.0333,0,-0.0016,0.1564,0.9877,0,-0.2229,0.9628,-0.1529,0,-0.3916,-0.3311,84.4608,1]},
{"frame":319,"values":[0.9738,0.2249,-0.0348,0,-0.0007,0.156,0.9878,0,-0.2276,0.9618,-0.1521,0,-0.66,-0.5284,84.448,1]},
{"frame":320,"values":[0.9733,0.2264,-0.0379,0,0.0019,0.1571,0.9876,0,-0.2296,0.9613,-0.1524,0,-0.865,-0.7076,84.4579,1]},
{"frame":321,"values":[0.9735,0.2247,-0.0419,0,0.0056,0.1597,0.9871,0,-0.2285,0.9612,-0.1543,0,-0.9799,-0.8552,84.4883,1]},
{"frame":322,"values":[0.974,0.2219,-0.0455,0,0.0087,0.1642,0.9864,0,-0.2264,0.9611,-0.158,0,-0.9597,-0.9486,84.5288,1]},
{"frame":323,"values":[0.9741,0.2213,-0.0474,0,0.0095,0.1694,0.9855,0,-0.2261,0.9604,-0.1629,0,-0.7577,-0.9642,84.5651,1]},
{"frame":324,"values":[0.9734,0.2243,-0.0473,0,0.0078,0.1736,0.9848,0,-0.2291,0.9589,-0.1672,0,-0.3535,-0.8858,84.5849,1]},
{"frame":325,"values":[0.9721,0.2301,-0.046,0,0.0051,0.175,0.9846,0,-0.2346,0.9573,-0.1689,0,0.2287,-0.7125,84.5793,1]},
{"frame":326,"values":[0.9708,0.2359,-0.0448,0,0.0033,0.1733,0.9849,0,-0.2401,0.9562,-0.1674,0,0.926,-0.4628,84.5409,1]},
{"frame":327,"values":[0.9698,0.2398,-0.0448,0,0.0035,0.1699,0.9855,0,-0.2439,0.9558,-0.1639,0,1.6662,-0.1689,84.4668,1]},
{"frame":328,"values":[0.9692,0.242,-0.0462,0,0.0054,0.1668,0.986,0,-0.2463,0.9558,-0.1604,0,2.3953,0.1362,84.3594,1]},
{"frame":329,"values":[0.9687,0.2435,-0.0485,0,0.0078,0.1653,0.9862,0,-0.2481,0.9557,-0.1582,0,3.0899,0.4326,84.2281,1]},
{"frame":330,"values":[0.9682,0.2449,-0.0509,0,0.0101,0.165,0.9862,0,-0.2499,0.9554,-0.1573,0,3.7461,0.7143,84.09,1]},
{"frame":331,"values":[0.9678,0.2462,-0.0533,0,0.0122,0.1653,0.9862,0,-0.2516,0.955,-0.157,0,4.3626,0.9809,83.9619,1]},
{"frame":332,"values":[0.9673,0.2473,-0.0555,0,0.0143,0.1653,0.9861,0,-0.2531,0.9547,-0.1564,0,4.9299,1.227,83.854,1]},
{"frame":333,"values":[0.967,0.2483,-0.0575,0,0.0163,0.1648,0.9862,0,-0.2543,0.9546,-0.1554,0,5.4298,1.4389,83.7694,1]},
{"frame":334,"values":[0.9668,0.2488,-0.0589,0,0.018,0.1638,0.9863,0,-0.2551,0.9546,-0.1539,0,5.8429,1.6017,83.7085,1]},
{"frame":335,"values":[0.9671,0.2473,-0.0601,0,0.0198,0.1625,0.9865,0,-0.2537,0.9552,-0.1522,0,6.1533,1.7046,83.6735,1]},
{"frame":336,"values":[0.9684,0.2417,-0.0613,0,0.0221,0.1616,0.9866,0,-0.2484,0.9568,-0.1511,0,6.3527,1.7444,83.6686,1]},
{"frame":337,"values":[0.9708,0.2316,-0.0629,0,0.0253,0.1618,0.9865,0,-0.2386,0.9593,-0.1512,0,6.4448,1.7242,83.6955,1]},
{"frame":338,"values":[0.9735,0.2192,-0.0646,0,0.0287,0.1633,0.9862,0,-0.2268,0.9619,-0.1527,0,6.448,1.6515,83.7483,1]},
